42 334 438 286 182 401
262 103 345 419 504 102
226 255 354 111 154 383
379 172 508 29 22 399
276 195 231 400 252 409
272 453 123 267 208 425
160 332 132 263 157 271
454 296 87 40 140 219
473 175 288 393 75 462
350 385 153 4 314 441
397 378 297 2 17 387
430 304 418 51 462 422
228 462 301 88 453 199
399 39 476 191 240 263
214 322 440 281 477 131
445 88 56 295 309 186
24 327 60 334 39 163
9 259 450 348 206 444
394 131 240 267 279 220
288 506 68 155 167 248
371 369 328 16 41 253
300 485 60 469 102 476
35 350 290 478 287 361
312 148 118 446 401 500
425 501 508 450 308 328
141 348 374 17 213 18
290 146 81 166 112 33
254 435 147 101 117 382
234 113 444 481 152 300
159 70 483 280 113 163
236 436 137 125 287 58
373 17 462 242 184 308
355 23 468 443 7 475
476 149 498 259 379 58
57 386 375 209 107 52
467 279 359 294 230 150
163 64 495 204 188 336
49 44 508 192 297 497
436 392 186 185 428 485
67 177 166 146 119 332
164 162 345 45 316 96
126 247 262 226 74 202
410 54 241 183 64 281
311 112 166 64 236 5
462 147 231 470 474 333
478 257 337 250 502 48
460 26 302 81 200 24
236 466 262 145 410 329
287 254 421 30 463 12
5 361 184 328 181 90
114 48 234 321 205 182
358 72 86 65 330 396
322 378 203 360 424 238
369 210 35 77 334 86
70 485 431 60 109 39
376 299 492 29 332 103
372 153 122 396 358 364
117 452 351 416 410 115
120 465 473 380 408 175
326 428 490 291 323 34
243 349 366 4 455 103
305 481 431 220 96 26
191 215 484 472 335 310
198 467 251 336 162 352
251 502 136 335 242 393
504 358 124 52 39 233
19 51 6 274 335 155
244 162 379 141 142 272
394 308 192 354 391 102
82 339 42 317 323 254
183 85 265 461 192 268
63 345 161 246 22 239
161 488 343 58 175 442
333 357 54 365 427 419
266 33 241 65 472 219
251 120 212 245 357 98
38 355 145 479 172 195
149 356 63 235 143 158
144 261 402 415 164 486
120 340 475 460 160 453
424 292 204 355 234 22
437 247 350 402 263 150
384 363 301 220 132 386
261 488 38 1 176 200
118 89 82 11 403 219
111 500 361 212 362 338
180 236 52 414 140 200
15 166 106 33 319 375
225 311 174 305 118 446
182 143 452 211 118 459
118 310 88 78 397 324
318 315 291 505 344 466
171 421 290 445 43 443
170 461 485 437 227 474
264 208 139 499 199 172
36 339 177 290 107 42
440 426 98 49 83 102
410 455 62 252 213 241
67 237 463 383 325 31
113 109 413 44 321 162
251 479 296 456 55 443
109 119 504 42 355 15
252 463 96 507 280 276
320 507 337 89 505 115
424 300 266 215 274 265
390 328 422 208 480 24
43 120 277 377 218 316
124 39 489 138 143 163
483 20 207 481 48 323
42 110 463 11 18 152
318 376 413 78 77 300
87 407 459 361 99 118
446 165 72 112 212 430
35 59 239 175 227 126
328 4 395 183 107 14
192 246 221 339 463 78
290 338 409 422 488 386
285 228 229 464 60 372
97 180 439 148 51 359
145 432 121 367 414 199
278 117 392 375 352 157
246 99 410 160 402 74
93 249 357 377 53 443
361 165 257 363 288 191
487 418 427 306 506 121
16 280 459 2 150 227
452 492 265 198 387 396
80 271 304 317 161 167
180 421 508 401 313 432
303 270 466 162 339 460
114 315 459 30 391 208
371 160 129 210 21 317
300 42 99 363 207 445
353 205 506 57 139 11
108 337 69 340 458 185
60 142 474 14 191 50
81 65 490 15 263 100
310 399 84 307 5 166
346 85 283 371 310 483
366 283 376 94 314 8
66 102 404 126 390 281
465 482 244 18 300 1
60 194 149 170 296 159
215 493 468 58 36 161
133 429 328 436 91 187
189 306 378 319 469 26
150 106 36 114 151 105
504 490 398 429 168 138
311 270 478 234 296 310
408 256 70 243 319 4
500 393 235 150 465 9
433 286 171 311 372 468
173 490 465 164 162 154
163 462 165 504 4 450
25 164 367 265 239 466
338 31 301 128 448 26
103 127 84 421 343 56
460 178 438 405 88 280
442 412 193 376 457 154
482 276 415 411 199 166
92 22 393 182 486 188
130 337 501 341 330 447
373 233 438 390 316 460
245 42 363 116 270 75
260 291 90 198 275 363
355 193 118 478 105 481
472 158 28 469 308 105
252 204 46 386 144 426
481 314 484 47 343 26
289 83 297 298 341 231
256 394 2 10 191 331
385 406 52 24 386 326
215 452 406 322 445 302
167 41 212 463 477 49
469 105 145 327 173 387
462 392 445 50 458 51
327 55 420 250 146 325
475 222 378 462 73 317
444 271 478 183 495 14
371 65 262 133 491 227
247 171 75 141 234 275
197 238 314 368 349 499
442 73 282 149 40 42
343 137 270 167 203 256
58 370 500 192 127 190
475 327 462 133 242 224
391 188 489 250 498 454
80 506 116 192 145 404
332 187 275 149 241 305
34 18 501 154 329 38
42 296 235 256 279 137
2 26 342 60 21 427
492 281 352 276 355 476
114 99 143 170 44 278
325 2 483 430 40 393
38 143 172 507 137 226
208 71 429 33 333 140
248 496 393 234 267 278
61 490 144 36 481 15
247 290 272 355 168 409
475 166 63 300 462 268
23 479 61 65 155 161
385 151 459 219 341 44
130 397 79 225 314 233
140 285 320 75 248 50
408 53 275 20 31 436
377 43 328 316 3 234
245 423 490 426 457 361
118 361 503 205 70 232
210 328 498 126 291 477
349 149 61 324 98 350
245 394 315 485 441 344
384 248 496 66 63 174
87 138 66 357 26 478
9 77 202 58 374 132
266 504 108 114 317 156
59 365 456 458 444 349
498 402 342 45 412 397
442 21 236 85 54 269
47 236 354 96 153 411
64 294 72 300 253 165
156 194 386 454 2 405
113 133 173 136 110 216
84 9 219 388 214 441
235 30 420 22 46 165
2 487 299 233 446 272
79 324 33 483 403 452
364 149 102 401 146 390
292 85 69 404 24 250
317 87 241 502 89 398
406 154 199 409 9 24
483 392 212 19 466 278
394 267 104 494 205 428
41 135 118 207 131 392
368 320 62 197 89 259
156 402 395 48 86 295
494 39 120 305 455 298
131 491 125 433 190 309
438 111 96 484 43 54
292 64 323 467 75 252
70 323 292 243 184 113
400 461 359 45 194 112
497 2 247 433 368 184
423 325 75 222 383 197
305 353 322 220 12 102
61 462 436 429 389 310
33 372 419 426 58 411
357 151 121 55 182 399
175 473 438 496 94 31
316 96 436 203 111 140
364 150 58 372 485 467
357 318 90 317 340 142
395 330 416 299 159 244
328 377 149 475 260 210
292 421 197 426 125 413
184 168 3 299 367 443
498 265 28 479 240 481
484 115 153 455 476 389
72 211 95 174 314 483
508 17 236 478 354 433
473 471 261 216 394 396
201 266 481 474 274 361
125 151 10 133 40 13
11 13 61 291 155 248
247 458 83 378 320 48
299 97 437 139 411 257
188 162 164 189 36 298
196 381 43 12 194 17
206 192 127 443 387 436
324 1 66 67 213 52
37 244 379 67 229 447
50 235 91 443 27 32
445 207 441 474 189 465
87 92 56 394 138 213
227 101 154 400 236 321
250 352 483 193 229 203
63 369 112 300 487 265
286 160 26 215 63 21
424 502 495 86 286 416
258 29 436 158 318 292
358 173 271 134 259 459
440 354 314 460 497 184
342 503 405 232 360 368
186 180 309 146 220 156
219 372 204 23 303 234
347 381 228 299 449 45
155 301 366 165 496 491
493 450 361 133 28 369
375 470 205 37 406 104
2 458 308 76 430 204
489 363 184 412 496 284
434 349 294 109 79 63
369 385 433 225 463 50
405 365 453 245 66 364
288 219 494 118 267 335
237 365 482 480 292 300
491 222 80 383 234 221
489 337 389 244 249 53
195 409 43 95 331 262
188 216 9 146 196 90
449 409 352 286 116 478
381 41 320 504 115 382
344 400 399 483 228 165
302 382 8 237 301 48
123 11 2 496 279 292
195 324 343 166 198 339
434 320 269 86 185 381
390 201 183 71 354 496
321 415 501 5 46 263
263 284 385 185 275 45
398 73 277 337 462 486
505 96 95 246 321 443
495 240 353 22 389 337
474 449 92 294 216 382
105 489 395 407 134 233
206 504 466 68 244 65
498 455 35 274 36 193
93 11 121 330 119 316
444 71 333 446 138 120
162 223 138 373 77 231
484 47 285 356 276 202
420 391 235 442 257 23
261 16 241 60 446 31
420 282 485 212 461 222
460 386 208 325 28 459
289 459 443 212 400 414
46 163 313 459 129 29
382 52 261 291 301 244
304 25 328 153 309 127
50 255 182 492 178 127
382 446 16 377 183 299
412 23 10 246 146 377
288 360 61 196 48 32
339 507 323 181 315 176
473 215 421 434 371 495
337 22 319 138 205 230
274 23 468 377 266 391
87 357 134 253 221 409
1 410 32 123 34 319
345 158 286 376 469 160
357 72 210 381 352 479
248 492 204 178 495 269
494 15 202 281 101 363
208 94 106 336 360 263
504 448 332 434 208 204
419 327 7 393 345 134
154 300 187 261 196 497
316 228 499 504 232 15
177 164 305 180 298 345
164 419 91 111 36 129
492 156 451 502 501 328
172 406 117 394 138 397
362 314 233 60 352 53
495 470 375 289 176 247
412 219 32 216 265 203
106 336 194 385 81 221
500 405 185 62 234 37
305 316 118 356 137 332
187 172 272 506 375 278
93 92 191 317 229 311
394 282 9 321 55 131
322 439 421 77 311 339
322 81 74 96 334 478
261 104 487 301 451 368
255 35 373 240 136 87
194 407 395 234 264 282
276 407 368 227 51 481
503 32 229 200 482 366
228 194 233 72 19 162
174 377 383 325 168 421
489 67 96 353 95 84
464 253 364 341 8 73
474 478 227 475 225 315
445 28 376 405 490 407
428 228 456 56 4 145
182 282 392 475 321 251
28 485 473 202 168 439
497 298 119 2 501 415
458 170 241 257 212 428
163 98 166 301 464 88
272 281 19 28 266 393
63 7 159 448 254 182
118 193 241 221 142 206
355 351 182 271 364 59
484 491 128 391 68 383
242 51 39 157 222 161
181 63 153 226 237 422
38 488 210 465 106 100
422 117 74 153 73 388
437 427 42 302 223 351
506 32 307 197 191 275
162 352 94 259 27 376
157 411 470 487 299 262
234 114 119 296 65 95
429 403 266 459 162 340
116 330 309 10 363 6
405 87 95 51 449 497
411 12 114 334 348 115
317 379 25 135 196 263
496 211 443 276 24 386
232 436 325 406 242 358
501 282 252 507 246 273
349 213 394 108 301 451
441 23 199 364 390 48
233 121 14 260 347 374
493 330 419 369 206 238
370 471 236 134 270 323
248 240 363 33 496 120
308 36 116 344 110 265
435 223 441 378 54 414
220 482 128 399 173 161
172 70 321 118 395 248
26 393 184 1 103 237
53 213 395 106 454 211
390 393 199 360 451 504
64 9 139 188 276 296
139 488 289 134 418 28
102 302 17 427 442 202
169 309 232 426 18 359
213 452 303 298 47 267
442 235 406 57 60 63
237 130 405 455 112 176
47 244 186 85 242 17
256 67 113 283 27 297
83 217 453 346 319 392
203 400 498 332 507 261
410 329 497 475 116 373
252 416 60 86 486 403
34 120 110 390 466 244
387 458 450 416 167 434
302 419 54 66 202 158
92 431 220 489 188 169
91 440 364 400 218 463
40 329 379 316 211 186
164 309 2 256 405 433
148 250 14 182 126 427
458 218 425 159 81 226
376 483 358 225 159 139
115 329 375 508 90 87
231 101 402 332 171 116
477 221 327 191 494 412
158 239 178 442 214 356
143 272 240 35 74 43
180 464 462 91 261 391
456 44 388 304 375 212
393 394 103 226 153 185
436 467 461 356 78 378
409 282 268 260 302 252
295 141 428 350 14 134
41 422 452 358 171 82
98 34 334 10 119 477
366 304 484 499 470 196
254 496 291 453 309 183
485 481 467 21 466 158
13 41 215 94 444 210
161 468 240 64 140 323
315 40 25 75 459 99
46 157 366 503 461 132
57 413 326 382 195 225
92 306 209 152 393 55
273 261 382 254 322 248
132 457 315 175 389 180
202 21 81 229 292 355
203 147 438 211 202 54
251 122 118 252 198 131
248 129 496 456 477 498
341 143 380 214 110 256
264 231 400 363 47 364
471 60 487 6 52 23
211 62 295 119 307 188
250 73 254 318 304 21
224 400 408 476 203 461
35 72 309 32 365 454
22 64 402 498 11 263
402 195 502 45 186 60
18 168 2 354 205 441
248 89 336 230 235 222
170 468 421 394 81 58
222 75 178 132 458 188
477 248 371 31 247 34
410 13 61 156 29 255
344 253 167 415 404 46
426 253 27 435 450 227
315 311 215 74 481 356
93 208 359 117 480 222
294 111 381 253 239 410
456 78 434 497 144 184
386 384 188 103 424 143
441 239 115 481 232 113
93 481 196 234 96 169
281 21 293 84 484 367
6 343 364 92 447 297
115 423 391 186 491 447
500 149 300 230 354 70
322 451 483 286 251 296
344 265 294 264 128 418
65 475 503 139 66 5
89 75 19 503 477 218
190 229 451 14 202 296
324 449 506 130 219 15
410 402 160 220 422 217
87 357 388 289 302 344
93 472 466 504 26 158
246 484 85 100 411 352
213 28 350 126 478 18
367 170 403 179 344 371
341 476 339 391 30 389
158 222 25 413 149 155
404 237 96 258 265 199
267 208 194 29 104 440
35 103 346 414 170 293
374 490 415 138 456 197
216 480 158 43 357 269
18 475 346 96 455 209
109 465 157 328 322 368
331 170 147 454 424 272
290 374 101 293 462 311
125 290 476 332 276 400
64 109 107 90 120 322
438 377 149 230 14 477
224 434 373 226 127 446
384 360 507 381 38 416
377 56 360 468 472 284
346 8 373 44 402 258
31 5 1 67 330 109
174 92 101 142 317 77
400 5 147 424 23 96
363 412 221 147 488 182
420 470 49 384 5 448
180 103 83 26 264 24
250 406 125 291 357 287
102 473 101 486 153 495
157 289 384 450 328 318
309 60 346 334 50 161
135 386 332 247 84 103
214 279 443 145 228 417
164 4 337 438 148 480
170 433 318 45 488 96
173 63 67 354 201 477
348 87 45 453 305 351
95 322 376 29 31 34
58 124 40 472 23 361
474 327 53 138 67 91
400 245 496 142 370 180
402 432 371 94 283 428
205 54 419 70 199 90
188 150 355 47 474 100
294 391 403 495 136 158
249 71 391 375 292 12
84 483 114 485 63 338
338 2 49 432 140 71
151 359 32 266 481 257
57 13 366 445 487 12
167 259 407 211 339 430
54 438 106 153 470 298
106 347 397 471 351 258
78 110 43 9 56 395
395 197 91 80 451 423
339 116 502 281 355 175
497 334 482 424 272 373
374 473 508 66 409 300
115 461 368 300 206 80
133 71 230 6 44 137
295 476 467 460 383 32
8 72 112 165 428 306
22 474 67 87 334 425
75 308 320 376 467 123
413 124 192 71 383 55
59 179 274 57 195 409
61 432 291 485 170 129
280 456 247 105 258 361
227 322 140 456 375 71
201 18 390 132 418 309
296 402 298 330 279 67
274 466 70 62 24 228
178 497 286 41 244 354
54 326 327 459 424 382
409 109 163 442 223 256
30 241 416 58 423 454
290 323 85 366 74 92
412 450 488 301 40 494
243 85 167 425 236 36
59 424 353 265 215 64
348 198 16 131 352 307
270 281 136 234 198 349
459 472 251 364 480 362
41 138 58 136 205 1
421 65 63 21 216 117
434 107 197 468 299 41
335 279 137 442 63 458
252 259 48 429 280 53
91 439 441 1 240 193
275 267 403 465 2 156
58 369 489 280 495 72
145 49 374 3 465 81
187 260 156 139 123 254
169 243 6 172 117 138
367 174 256 185 144 83
8 313 272 391 412 427
212 436 253 178 183 372
443 309 147 444 57 280
176 157 18 280 113 146
19 334 449 355 454 478
347 317 147 31 109 74
259 195 179 172 112 454
211 447 384 22 114 414
219 318 363 211 75 418
323 80 134 337 95 1
358 475 106 154 155 374
136 417 377 38 78 368
292 146 195 446 224 416
218 87 187 213 50 307
508 88 494 264 206 471
300 361 161 406 398 287
214 156 368 114 119 66
363 161 176 397 195 8
451 186 364 270 69 306
407 91 353 127 374 111
499 211 363 503 216 235
161 133 220 6 77 124
339 451 299 474 218 394
15 165 103 334 213 269
413 246 151 33 99 375
367 144 457 219 276 128
361 468 422 122 43 362
375 378 503 47 200 57
107 360 246 38 491 266
262 288 488 333 276 4
365 120 317 499 383 448
284 502 124 425 258 427
90 180 124 319 501 279
445 347 95 238 270 137
25 168 175 378 419 441
366 132 286 499 66 470
431 466 341 83 154 404
429 160 159 363 505 125
93 238 9 293 349 181
300 105 280 308 469 307
209 156 310 302 339 291
505 28 73 307 455 293
231 288 241 63 239 267
181 270 435 140 424 38
260 361 277 326 374 448
421 92 236 257 428 282
210 226 370 147 469 453
403 86 466 287 19 329
292 457 275 501 27 12
315 99 73 59 310 271
503 453 368 123 244 381
40 62 245 490 377 98
415 1 140 297 32 328
502 157 161 237 124 232
503 31 281 233 317 421
38 319 177 88 23 408
102 184 243 258 138 203
404 290 502 225 451 199
399 326 323 420 135 229
428 13 68 314 320 251
25 394 116 297 54 325
153 310 126 273 484 165
41 477 22 338 427 96
301 117 346 339 431 458
9 378 54 408 325 218
266 187 232 278 102 71
484 361 239 273 411 324
326 174 66 508 400 239
5 252 307 378 23 453
227 46 175 500 374 239
64 133 292 460 486 354
64 174 347 457 153 132
23 146 272 481 302 161
183 405 224 86 366 236
286 54 486 82 492 123
314 40 384 479 501 56
394 67 148 47 485 224
468 310 480 152 489 95
315 354 300 169 295 90
267 186 191 22 179 10
478 244 101 137 42 440
65 187 157 297 101 285
83 435 72 265 401 141
394 218 7 353 265 148
394 342 308 489 494 385
281 413 11 123 454 264
286 214 247 95 49 334
346 487 410 490 272 222
207 99 270 399 46 4
57 417 209 260 424 201
30 492 451 324 56 18
326 504 414 378 110 137
211 1 348 26 270 357
292 294 408 105 139 235
152 441 469 237 496 162
218 106 142 104 494 476
333 125 381 500 10 433
220 489 338 190 488 405
233 96 26 497 138 287
443 400 261 416 38 478
99 149 238 427 385 396
411 356 420 374 450 418
129 80 466 169 128 458
353 4 257 165 39 163
325 256 299 437 27 37
178 35 500 355 275 205
180 383 236 473 508 423
113 293 148 170 13 339
298 488 413 455 134 194
214 495 334 32 11 197
254 321 312 17 338 474
339 414 91 12 82 427
239 429 228 452 467 17
42 406 275 103 19 111
484 80 260 130 386 474
72 482 127 284 357 332
358 86 442 91 195 216
317 208 172 359 373 370
252 472 247 457 104 415
506 188 378 489 126 168
346 449 380 87 162 218
253 247 170 23 408 118
124 112 223 60 219 208
437 418 17 505 372 34
262 90 249 52 464 121
116 330 325 9 279 14
94 400 505 315 227 22
175 171 238 176 335 62
264 323 259 305 394 478
258 422 241 421 312 405
397 310 452 94 428 503
64 439 298 471 103 363
78 412 189 487 286 163
366 263 151 435 472 497
354 423 96 338 496 50
452 135 225 401 255 263
344 385 21 40 246 173
335 311 375 365 150 429
94 194 499 29 381 429
107 132 467 175 157 492
1 24 433 404 221 120
95 128 192 21 490 456
376 81 84 483 478 70
407 29 82 375 400 220
462 329 7 135 170 21
97 373 469 259 274 352
437 478 304 424 2 203
371 472 3 87 236 466
219 2 428 465 68 156
264 58 130 38 359 274
241 92 290 441 129 113
167 328 264 428 505 456
435 367 447 228 390 24
222 454 170 496 59 431
126 21 291 438 141 414
117 241 447 326 173 99
20 79 227 322 140 273
117 27 288 4 227 237
355 224 173 306 365 50
427 403 473 218 243 99
305 339 101 19 292 382
212 265 133 452 86 27
230 409 234 394 23 117
302 58 251 464 119 240
2 350 500 279 359 142
149 480 10 400 287 499
364 125 277 350 26 183
346 59 74 321 155 212
29 426 277 356 474 459
193 458 245 325 291 144
81 232 378 84 70 146
312 287 408 259 195 406
113 459 376 346 10 350
466 163 421 66 377 50
378 6 190 351 205 379
140 25 222 153 106 353
78 468 344 452 464 217
195 202 227 500 174 176
217 255 71 123 140 497
152 434 262 203 49 36
155 265 91 446 48 415
349 387 307 52 258 508
344 330 366 262 304 101
153 70 344 477 235 25
357 125 436 268 441 424
507 331 243 39 466 234
361 381 228 492 325 212
391 22 6 143 78 182
437 16 403 118 477 442
58 269 88 225 240 244
337 409 335 382 445 11
49 341 473 161 435 445
467 203 77 9 328 34
224 296 62 425 304 191
107 442 397 408 339 230
237 110 496 294 250 68
357 276 5 310 195 116
127 387 434 330 13 347
211 351 78 299 160 226
232 257 501 193 79 413
62 475 11 57 399 421
93 22 94 20 250 383
472 308 239 125 495 338
26 201 346 457 155 48
174 90 463 346 267 323
391 270 298 160 211 380
287 76 187 375 145 220
336 397 342 69 208 235
478 385 499 291 452 82
413 421 284 430 267 209
311 344 12 45 403 85
150 506 335 360 155 440
346 212 313 498 117 438
402 499 458 442 309 301
231 342 140 215 366 139
197 446 101 402 251 427
114 287 429 376 329 302
455 7 164 282 439 235
187 105 216 413 463 69
282 502 172 293 228 15
94 34 248 245 139 224
385 178 373 195 423 399
147 311 425 66 29 481
476 448 407 64 83 211
24 349 66 151 99 396
367 484 335 424 359 54
364 176 441 122 265 173
464 16 256 285 268 468
59 19 24 193 7 440
359 475 87 263 351 412
429 237 363 208 99 147
221 332 53 12 384 157
486 19 350 98 170 260
430 166 165 195 158 308
173 280 38 55 244 80
227 349 463 322 427 172
251 295 197 416 354 213
369 243 234 284 226 148
144 21 388 166 316 102
481 496 354 417 32 73
361 124 267 113 398 507
147 340 441 120 103 114
64 147 347 403 48 80
113 449 174 475 201 92
2 191 414 306 47 209
260 262 161 455 261 160
46 2 340 219 498 435
75 422 43 392 40 326
255 138 439 402 416 411
417 473 204 215 478 381
395 473 240 286 87 118
23 192 223 18 272 346
322 250 500 116 394 192
451 260 315 327 433 347
10 114 150 90 344 494
329 273 256 24 156 198
475 308 296 332 250 222
144 459 256 13 92 235
80 472 81 410 214 441
195 179 302 22 98 136
55 463 191 84 302 472
426 77 78 240 372 468
274 179 203 328 280 277
378 246 268 72 457 316
260 181 316 448 239 198
363 103 49 45 250 305
149 178 500 104 144 319
341 117 351 346 439 450
208 197 198 193 238 323
416 466 362 18 40 473
169 310 142 464 467 483
68 105 299 183 405 33
294 177 61 190 447 125
491 301 336 484 503 20
322 417 220 221 25 395
36 415 162 148 361 166
366 228 41 164 357 175
391 280 473 175 495 148
339 236 124 177 370 203
80 327 76 335 221 272
435 317 377 469 339 245
334 225 235 162 8 240
15 346 165 417 69 352
92 59 495 190 74 432
300 59 407 70 191 179
56 185 157 273 39 346
466 97 464 433 123 391
502 44 396 342 354 74
147 425 460 172 17 3
360 21 310 173 199 293
104 143 350 366 30 116
508 466 88 241 249 298
388 259 181 63 124 212
235 353 54 274 480 195
331 390 216 432 174 114
178 74 362 22 299 210
493 254 206 67 158 68
346 291 248 326 181 449
256 480 366 98 172 459
194 463 28 143 460 31
464 306 441 179 483 284
309 386 352 174 256 74
292 149 81 110 299 438
191 69 252 380 445 152
50 438 369 506 118 134
106 488 331 293 431 500
34 389 423 116 276 249
165 139 387 45 65 140
244 390 7 33 501 49
504 119 201 68 191 20
258 70 78 148 176 150
215 334 293 505 368 313
145 396 228 54 463 211
291 491 276 230 473 140
255 162 335 127 199 252
178 100 313 27 19 255
19 155 79 12 405 327
225 45 65 214 155 159
184 65 117 424 366 331
267 214 188 152 143 370
422 363 426 249 106 444
373 43 197 227 476 239
312 352 323 307 373 439
263 104 271 247 47 467
359 434 345 274 402 145
55 388 259 60 360 64
298 137 83 56 322 480
248 457 37 110 416 143
89 177 102 10 430 196
89 223 426 302 173 377
238 485 235 334 182 90
171 11 339 492 467 211
431 68 474 437 236 348
236 278 264 122 116 286
501 15 104 122 169 206
108 19 451 31 268 469
299 197 384 161 243 40
111 238 114 148 486 1
65 257 20 459 499 492
62 294 95 58 181 383
194 350 166 233 19 266
26 345 457 382 181 399
297 166 69 456 482 72
239 161 248 134 265 383
209 128 246 423 277 46
25 471 448 94 451 220
231 311 437 46 143 226
467 225 107 421 155 272
336 118 477 54 208 133
446 171 231 468 88 25
485 444 239 75 284 325
441 353 96 20 280 46
78 71 240 408 76 136
385 248 292 475 253 460
192 144 309 73 31 114
487 197 239 150 380 192
95 247 283 441 104 418
257 457 204 499 12 397
15 22 398 341 223 386
73 185 101 271 429 333
416 380 443 161 455 213
196 457 164 292 230 127
37 483 448 498 280 381
230 37 163 111 305 333
113 64 455 38 292 342
84 461 190 320 372 40
478 92 374 445 389 328
252 229 474 502 421 314
155 449 233 103 207 115
51 444 47 343 1 60
333 294 467 184 234 126
13 35 248 213 501 103
483 76 152 311 150 468
261 54 298 311 167 358
394 74 125 508 363 504
461 89 486 267 457 69
64 181 310 497 444 440
127 415 4 448 145 213
109 300 383 238 317 358
352 397 252 207 388 59
262 93 391 157 89 313
118 481 316 349 64 241
299 433 346 102 470 68
239 278 83 163 449 121
241 219 43 292 251 188
230 308 434 92 413 455
20 250 51 127 306 480
413 19 30 363 206 53
41 200 270 38 53 335
48 435 502 218 247 479
366 413 139 258 222 496
64 95 461 387 371 434
195 70 373 215 103 441
211 469 281 15 358 325
443 199 287 303 474 87
293 373 333 291 91 107
249 496 403 325 135 345
472 283 128 491 268 78
7 118 81 456 283 334
469 246 243 81 493 45
412 82 395 295 150 2
138 221 51 311 185 496
