158134
349472
104169
-40478
284798
303938
3365210
-1057778
-832586
241134
-73962374
9428294
7621137
-3902052
25420197
21194417
-287824
-7052126
-17839336
-12754390
-3600305
32092082
-23805748
30867572
5161929
9813541
-9342442
-6176220
-66210423
-65328769
2014783
-7625594
-2980711
-8168458
-8753604
-23007900
5609909
-13580562
-1053562
3850690
-13133478
-16522305
-4238035
-9771407
-314057
11945761
-10464237
7844534
-3997176
-12401402
3455349
-4502379
2534714
-138590
10983447
-11654098
5888640
8763598
-2198073
19730008
598196
-1266500
-876999
1032444
516485
-2376329
-1386868
-2707218
-425686
-590427
11784096
1595581
-9566181
-824674
-4469280
232219
-1869507
-1168607
-320605
-729350
5800573
-1423886
2522736
7681706
2343662
1410200
-6478901
-146831
177703
-1008281
2037511
-1280144
-934542
2153113
-2251752
-504592
2117635
-98629
636514
-1123868
-1798354
16884855
-8564231
57708369
-63210557
20366311
-5772929
-17826829
-370342
10442453
-12472366
18491590
11805813
-1690979
-27072046
29898298
7764186
-30597733
-35830244
45020587
-3876329
3861393
-10809500
2131044
-14040676
-9248773
4210016
419618
-4580894
-9942443
-828342
682582
622750
4727596
540918
863872
-814424
-3597732
-802924
-21057
1121015
1618093
3168812
596005
-77168
-2248217
1119461
-423706
-1629269
-1382325
-34401207
22141606
24134391
-12132905
-62704837
-2803800
13967587
-44108646
-17653722
-3725123
7701605
1067037
-2014613
-8550465
3723057
-1485464
11880979
-8515387
6425028
1787262
-18396541
-15423074
32498512
-42873851
-61933518
-41028727
-28172185
-17690272
45921265
32774873
3458297
-2165799
9168697
-3444054
15596476
-12003099
7626416
4628100
6333865
9674764
-35003534
-12567425
-2188939
45621523
14636334
4781917
14515471
31174194
30546019
-1289696
304719
-1379214
-68295
1280080
1924105
-857498
-753451
-2149428
-139111
-1030490
-38254358
-14823035
-62605381
-47968435
40391498
-22690343
33509947
-15407856
14840788
-22573850
2910915
10892
-8025377
-3666197
1939864
-2163005
-2001958
-4530887
-4734503
776902
-9621546
-327401
-11588966
-12335569
-6701663
-317114
-5599262
-9626314
8677120
32487
-915753
102741
79073
-978638
-902752
-276131
-998995
-1359581
2118965
-392164
211922
1698320
-16710021
-660016
3711366
-7150440
-5786384
3867711
5876517
1704109
-4378555
16423851
21269868
11898912
-38290156
12314503
21208954
55665879
-8118295
2653858
18389938
-9191447
-13169049
-12814648
24215342
12225128
320251
10218337
34727152
-30665888
-8200282
3615687
-5404898
2123070
3812038
1660333
3973494
-2930697
-823954
-7906679
19910614
-38935116
30392045
14331179
-7106517
26040803
-56191238
19442602
40408712
16370082
6277450
21570667
34402974
3919013
24390582
-10638537
5140843
27715510
28671428
23252159
-18309791
-20914256
20250405
-4882451
-33202242
-2357167
16321263
5023592
-40364335
46062162
-14149685
-6801328
2224221
-2328460
1751661
-2660061
-17184780
-3169780
304463
9257579
-3276846
-1040099
-290000
289384
-891471
-2409726
660918
-2599380
-464156
-816704
3171787
-1543851
-1122159
-1477124
-312586
299196
-2440655
-4440549
-863894
-194200
-9005794
-22432121
5732971
36325765
-28095773
-25734062
30109399
47489765
34880389
-18332262
833582
-8460780
13017842
-2322108
-4298475
10263855
10146469
1629019
738843
-6803001
556820
746754
742899
1213419
2063606
-159136
1154564
-1330560
1106146
342570
904681
45869
213540
355778
-3773381
-642217
1158022
-449097
374458
-2398356
-17824214
-9086643
-1922802
-1470372
-6663275
-2251430
-71443
-4233482
779576
-1472228
-1309895
20804
-252832
731952
288194
-1189511
474597
-256629
491778
410707
1995898
14676057
-16422790
2907389
1537291
18086037
10828008
-2982699
9749927
-18134612
106635
330532
-2443064
-34244
-480167
160394
-311596
1239282
-551616
-1337676
-25424160
10663256
-45324194
11641130
-6412953
-7099854
-14814839
23034864
35723908
47488671
735794
3046041
-5121739
1712749
4528980
-30536232
9154288
-38348836
-10092454
38382475
-2888474
-2535825
-354776
4714762
-4641170
893872
1675828
5861331
-2648497
3405175
2978111
3593736
3178334
1705641
231635
-5676636
2965413
14645338
918512
7353870
38052
664606
-920184
-859645
-2960550
700123
811742
-1388130
103860
-927861
-31470470
11928939
2993952
63298038
-6679445
8863180
21908751
28208454
-26408569
-10110164
4549158
27664877
-5836904
-32726778
16011080
28225131
-48327892
4917788
13413440
-37373107
