18 19 4
5 31 4
1 28 7
4 18 5
24 5 30
6 26 16
18 21 21
30 22 22
2 10 13
24 8 14
16 27 2
12 10 31
28 8 19
2 1 11
27 0 31
21 31 6
26 27 19
14 23 26
28 28 22
7 3 8
5 16 0
19 24 10
23 3 20
9 16 28
26 9 19
26 27 15
4 28 20
29 23 10
17 20 5
13 20 12
9 20 27
11 14 6
29 9 19
4 16 6
0 8 24
17 26 4
26 18 3
8 31 8
25 7 15
18 13 6
13 25 6
4 4 0
17 27 6
12 6 25
10 25 1
26 29 27
28 19 1
16 25 30
12 7 27
23 14 30
2 11 16
31 27 2
21 9 22
31 2 28
6 28 3
7 25 4
27 24 12
7 8 14
25 31 6
25 31 17
26 27 4
22 13 10
27 12 13
10 10 14
28 17 5
31 6 11
30 22 2
18 25 27
17 7 2
31 0 18
13 18 31
22 25 28
1 24 15
16 20 9
20 14 29
0 4 1
5 9 17
30 20 3
21 0 9
11 5 6
3 2 22
7 5 15
6 23 6
0 1 0
4 23 17
21 17 28
13 5 29
9 2 29
20 14 9
16 13 24
14 7 27
17 26 14
0 25 9
8 6 13
12 1 30
27 10 26
13 3 1
10 23 1
1 4 26
15 1 5
17 30 7
23 4 0
27 30 15
29 27 31
29 1 23
11 24 3
29 8 21
31 7 30
8 2 19
25 24 20
24 12 9
23 16 29
9 10 22
5 4 10
2 2 6
6 21 28
16 21 2
3 25 7
9 23 31
6 24 22
9 1 4
17 20 27
28 25 5
23 20 4
1 15 0
0 9 9
31 30 10
24 25 14
13 26 28
8 25 25
3 8 20
16 20 18
26 5 0
28 29 30
25 27 26
15 15 0
29 15 6
29 21 24
12 24 15
27 10 24
31 30 11
9 30 31
31 31 1
1 7 13
26 6 6
19 30 10
12 9 31
15 20 7
21 11 18
11 30 26
21 19 31
14 11 19
15 2 22
22 23 10
22 29 25
5 5 28
5 0 6
6 13 19
17 20 2
1 0 4
27 15 22
2 31 29
28 28 22
21 4 18
13 13 5
6 25 24
22 13 19
9 10 16
1 8 13
8 27 30
0 31 17
25 12 4
28 25 16
26 18 19
12 9 30
6 24 23
21 0 28
6 18 12
15 5 26
0 0 5
26 15 31
5 2 16
13 1 26
19 6 28
18 2 13
8 11 7
23 27 20
11 13 24
10 11 5
17 1 11
16 29 26
10 4 19
2 15 9
17 31 0
6 26 10
0 9 25
23 14 1
20 18 8
5 30 28
13 25 24
26 25 9
26 3 5
26 18 27
17 0 2
2 6 23
7 14 25
23 27 25
3 23 19
13 25 27
21 7 10
17 17 3
2 27 24
19 30 13
21 1 24
11 14 15
5 26 2
0 28 28
5 1 26
27 12 19
6 28 10
10 27 3
25 17 11
14 27 18
24 17 26
8 18 20
23 29 0
8 26 13
7 24 9
20 22 9
26 2 26
20 19 7
1 19 1
28 21 18
7 2 20
30 7 19
27 6 11
30 13 26
29 4 9
5 23 27
0 28 7
9 24 29
9 6 14
1 27 12
7 10 13
8 12 20
9 19 11
30 4 13
30 2 25
16 21 20
18 1 25
8 10 19
13 1 25
15 27 30
4 23 30
27 15 30
31 30 4
25 30 22
25 7 19
22 13 11
0 7 5
29 16 5
15 10 20
7 6 0
17 5 18
25 7 24
25 8 28
26 28 31
19 30 13
5 19 5
19 28 5
30 6 2
9 23 15
9 2 20
24 18 8
26 24 25
16 3 4
20 18 5
18 19 14
0 8 5
2 14 27
14 20 7
15 11 1
30 29 10
21 3 16
28 22 9
8 15 13
25 14 3
2 23 3
29 27 19
12 22 5
5 31 6
15 14 16
27 7 22
13 16 29
1 28 30
23 12 9
31 4 29
29 13 27
9 12 16
18 22 21
23 5 30
22 10 5
22 16 26
13 9 13
23 26 15
9 3 29
15 6 26
14 5 22
3 29 11
21 19 27
5 5 19
5 27 19
3 30 21
10 7 1
27 3 9
16 22 23
25 10 12
1 17 19
25 30 27
0 7 28
23 18 13
13 20 3
11 7 8
2 26 6
0 17 11
5 26 18
22 9 26
24 8 2
21 29 3
16 4 0
9 23 20
25 9 11
10 25 4
10 21 9
21 30 27
29 13 5
29 16 4
7 12 5
24 25 15
10 13 30
14 27 28
6 8 0
7 10 16
11 7 16
31 31 15
16 30 21
0 14 3
18 5 4
11 17 3
15 28 14
3 0 28
31 9 30
24 9 21
24 14 24
25 11 16
20 0 5
8 16 9
13 0 13
6 20 19
25 12 5
24 30 18
24 21 2
12 9 5
10 28 6
4 23 5
17 2 29
5 29 28
7 13 29
4 17 30
11 0 20
26 2 0
6 14 5
23 21 4
17 7 2
30 19 30
11 22 8
9 2 21
29 29 21
28 13 23
13 3 18
8 21 14
19 8 28
6 24 13
29 17 24
14 3 11
29 12 0
15 30 14
9 7 8
13 23 17
11 15 11
30 4 19
29 29 1
10 13 27
7 9 17
12 7 20
11 0 8
21 31 28
19 3 12
2 30 10
0 29 16
29 1 28
7 3 7
0 4 2
1 31 18
7 16 20
13 30 29
31 3 23
26 13 0
1 30 14
10 11 6
7 11 16
28 27 23
12 29 22
15 31 0
18 17 15
26 17 21
23 8 16
20 17 24
10 15 12
3 2 27
24 19 3
24 5 25
3 10 5
15 30 29
12 31 8
14 8 31
18 12 0
14 23 22
13 17 0
15 1 21
29 8 11
11 6 17
19 12 20
30 16 27
8 14 11
16 21 19
19 3 1
8 4 30
1 29 13
6 16 20
18 21 1
23 3 18
26 14 31
27 19 30
13 29 20
21 3 19
11 19 26
19 1 10
24 2 13
18 15 2
12 16 1
29 22 18
19 14 6
11 20 20
16 4 6
24 28 2
26 18 28
15 12 16
28 22 10
0 30 2
20 30 24
14 13 2
24 7 8
17 10 24
24 5 28
2 8 13
31 4 26
25 25 15
23 4 27
20 5 8
22 16 18
25 2 19
6 4 30
2 7 4
21 21 21
12 30 4
14 8 3
30 3 1
20 27 23
3 25 12
26 26 17
27 4 9
23 30 22
13 24 18
26 6 6
2 31 10
31 17 28
18 12 26
8 8 7
7 26 27
7 14 24
26 14 3
11 11 1
28 18 8
11 0 25
12 15 8
8 16 9
15 22 31
25 25 26
30 21 0
