4 10 30 12 41 34 40 3
16 26 7 6 41 12 28 2
6 6 5 4 11 7 4 9
37 39 44 30 59 17 23 2
18 8 0 0 19 15 8 7
16 18 7 8 19 0 16 1
0 4 1 3 5 3 0 1
26 11 22 20 31 15 21 1
4 6 21 25 31 4 8 26
2 0 3 0 5 3 0 0
9 5 7 3 11 0 7 8
27 20 16 21 31 2 29 14
14 1 9 12 17 16 7 4
15 16 7 10 23 9 3 16
5 8 14 15 23 1 10 6
10 10 0 4 11 5 4 9
8 14 10 7 43 2 5 40
3 5 2 4 7 0 3 2
2 2 0 2 3 1 1 1
11 4 9 10 23 2 12 22
7 10 3 4 11 9 6 8
14 31 3 37 47 27 0 34
14 12 13 9 17 12 16 16
7 20 1 17 23 13 21 19
21 28 27 25 29 19 3 21
4 3 1 0 5 1 1 0
26 34 25 18 43 33 33 26
23 17 13 0 53 0 13 0
10 2 5 9 11 0 5 2
5 6 1 9 17 8 2 13
10 11 3 25 37 1 28 25
6 12 11 5 17 10 4 9
13 23 11 46 47 25 26 9
4 3 8 10 17 14 7 13
19 5 6 25 31 4 8 21
7 15 31 26 37 12 3 30
15 7 6 14 19 3 4 14
3 0 1 2 5 0 2 4
5 11 23 22 29 26 2 15
25 7 12 2 29 6 16 21
38 47 22 12 59 8 16 38
25 3 42 46 59 10 28 38
11 4 12 6 23 20 4 10
5 15 10 29 31 3 4 25
10 9 0 20 43 38 14 4
9 5 2 7 11 6 3 9
12 11 0 2 17 2 13 1
11 6 9 4 17 5 15 7
1 57 49 43 59 26 35 7
5 1 6 2 11 8 1 3
29 10 11 24 41 23 34 3
29 45 27 44 61 54 51 5
6 30 17 24 41 16 0 4
30 41 44 10 61 47 14 2
25 3 3 9 29 8 26 21
34 37 29 16 59 29 16 15
0 0 2 0 3 1 1 0
2 7 5 12 17 6 9 4
16 6 3 10 19 4 11 10
5 1 7 3 29 17 18 15
12 1 16 5 17 15 7 4
13 21 20 3 31 4 16 0
35 29 15 13 41 12 31 7
11 3 6 1 13 5 5 2
4 39 52 18 53 1 21 38
14 15 9 9 17 6 7 7
14 26 51 35 53 42 32 4
6 35 13 59 61 7 55 41
6 6 3 0 11 0 6 5
9 54 3 6 59 45 52 15
5 4 2 3 7 6 4 1
41 21 24 6 43 9 13 29
45 37 41 19 47 26 40 9
24 24 35 45 61 35 49 17
4 0 0 1 5 0 2 2
27 6 23 24 31 0 9 6
45 25 18 42 53 24 33 44
8 13 4 3 17 15 7 15
12 2 11 17 29 12 28 6
38 35 31 17 41 0 33 13
1 2 7 4 17 10 11 6
2 11 16 8 19 7 12 2
2 16 7 12 19 13 0 9
14 5 6 5 19 7 18 14
1 1 11 11 17 0 6 11
38 48 52 40 53 27 12 28
7 0 4 8 11 0 1 6
8 2 16 7 23 2 17 1
7 0 0 11 13 1 9 5
0 8 15 7 29 13 18 28
35 47 42 9 61 17 6 57
15 37 37 32 41 36 32 6
41 42 25 34 47 34 40 29
3 3 0 0 7 6 5 2
2 0 0 0 5 2 3 0
2 9 9 9 11 10 0 2
3 9 12 7 43 14 10 26
13 23 16 28 31 28 22 24
2 0 1 0 3 1 0 0
17 29 8 1 43 10 16 41
15 0 0 9 17 13 1 12
13 12 4 11 23 7 8 9
18 22 19 15 23 9 12 5
1 4 2 2 5 1 1 1
3 0 1 3 5 4 2 1
30 48 14 24 59 29 32 8
34 38 39 19 47 25 11 25
5 37 28 36 47 44 18 31
25 19 38 10 41 7 27 36
0 0 1 2 3 2 0 0
17 0 5 16 23 21 13 10
56 3 1 33 59 31 14 17
0 2 25 18 31 17 20 10
2 2 2 2 3 1 0 0
9 37 13 45 59 57 41 17
5 4 9 15 17 0 1 7
12 11 20 2 29 12 25 0
0 2 2 1 5 1 2 4
24 22 11 14 29 27 16 3
10 10 7 5 47 30 38 6
2 0 4 7 11 1 9 3
17 27 15 20 29 6 2 11
0 3 3 1 5 1 3 4
1 1 4 4 5 3 1 4
2 0 0 0 3 2 1 0
12 1 11 20 23 2 16 6
18 20 4 21 31 29 6 19
8 16 13 4 17 4 14 12
20 45 27 32 47 32 14 11
1 24 30 40 43 9 37 11
1 12 3 15 17 9 11 7
1 2 1 2 3 2 2 2
5 3 9 10 11 9 9 1
42 31 25 39 47 43 16 1
36 21 17 22 37 36 25 31
15 14 17 15 43 23 22 4
19 5 7 31 53 21 42 36
2 15 15 4 47 22 36 21
21 31 20 30 43 34 3 30
16 16 5 39 43 1 15 21
21 3 2 21 31 4 18 17
6 15 35 11 41 35 32 31
1 1 4 2 5 4 4 3
26 36 23 23 43 41 8 42
7 8 12 0 29 24 23 6
3 2 1 1 11 1 10 0
17 11 10 12 19 13 18 0
3 34 20 3 41 30 27 17
16 7 23 21 41 1 6 13
0 5 4 1 7 0 4 6
2 4 0 2 5 3 4 4
24 20 9 27 41 36 33 17
4 0 1 2 5 4 1 3
0 25 23 1 29 20 22 3
11 14 0 4 29 0 9 1
60 31 24 16 61 55 53 38
39 13 21 45 47 6 36 13
27 25 16 37 47 30 25 7
14 39 11 16 61 30 27 24
3 19 1 11 23 11 12 14
4 4 3 1 5 1 2 2
23 25 38 21 43 21 18 31
12 31 10 35 37 30 19 20
38 5 29 35 41 30 17 7
18 48 23 8 53 5 23 45
43 37 41 16 53 23 13 13
17 18 6 1 19 7 2 0
45 41 57 11 59 1 37 57
1 2 0 1 3 1 0 2
3 20 16 28 41 6 2 9
4 6 3 10 11 9 9 3
13 2 7 7 17 15 1 5
50 42 15 45 53 18 16 52
35 6 12 37 47 2 37 11
6 3 20 34 37 22 21 14
29 13 34 30 37 22 27 16
16 5 12 22 29 9 10 13
3 42 7 39 47 40 17 39
8 2 9 6 11 0 10 1
4 3 11 32 37 16 15 36
1 57 38 45 59 48 32 28
7 7 10 40 47 3 10 7
7 6 5 8 13 7 2 2
42 15 20 19 47 15 13 31
4 8 11 18 19 2 1 18
6 7 2 10 11 9 7 2
25 26 23 21 31 13 28 13
4 4 0 3 7 0 0 4
42 11 16 8 43 23 38 6
51 30 18 26 59 58 19 15
0 9 7 2 11 10 5 7
5 11 8 13 17 12 12 7
10 11 18 10 23 13 4 17
1 3 11 8 17 11 1 14
0 13 17 11 29 4 8 5
27 6 30 21 61 22 29 45
0 1 18 7 19 12 18 12
51 49 0 24 53 12 39 13
2 19 25 35 37 4 3 35
3 1 8 10 11 0 5 2
33 3 15 11 41 39 18 4
18 8 36 20 37 16 4 26
1 4 3 2 5 1 2 2
3 0 9 3 13 1 11 9
43 45 5 23 53 35 30 49
17 9 25 11 29 27 7 8
0 10 13 5 23 6 16 5
10 17 24 26 53 4 4 2
15 24 32 13 43 6 11 24
12 4 35 4 37 24 27 33
9 7 10 2 11 6 6 0
0 2 5 6 7 2 6 3
15 0 39 0 41 0 28 0
5 10 1 6 11 2 6 0
5 3 10 6 11 7 10 5
16 5 10 18 31 5 14 1
12 21 20 27 31 26 17 14
25 11 28 4 29 9 4 27
0 1 2 1 3 1 1 2
15 5 7 1 43 38 32 8
22 4 23 58 59 57 39 22
16 21 22 12 23 6 16 2
16 26 15 17 41 9 9 37
24 6 21 17 29 27 20 18
2 16 1 21 23 19 22 15
1 3 0 2 5 2 0 3
6 9 10 8 11 2 4 7
0 4 4 5 7 3 0 3
17 14 10 1 19 18 16 15
37 12 6 27 41 13 31 38
35 50 54 21 59 42 48 4
17 25 35 30 41 12 34 9
10 15 26 7 29 23 15 2
1 8 2 1 13 12 7 8
24 14 13 0 37 25 27 36
8 14 4 1 29 2 4 28
30 1 19 23 43 20 41 21
7 4 4 5 17 8 8 2
0 5 18 4 23 16 17 10
7 4 10 9 13 7 6 2
16 1 17 15 19 5 11 12
4 20 5 1 41 9 24 32
10 4 12 4 13 11 4 9
23 29 7 20 37 8 17 16
28 50 34 4 59 2 23 10
10 5 9 4 17 5 16 6
7 8 10 10 19 11 13 7
21 12 19 10 23 16 7 2
2 21 16 19 37 21 16 18
18 15 8 10 19 10 17 14
0 2 1 2 3 0 2 1
26 13 16 1 29 5 7 4
6 0 11 2 13 8 5 3
6 2 12 5 17 6 12 12
10 4 6 4 11 4 6 7
9 12 5 7 13 3 3 2
16 0 21 32 59 33 37 19
35 26 27 13 61 5 35 35
8 14 5 1 17 0 2 12
35 39 38 27 47 42 37 16
1 2 0 0 5 3 3 4
5 11 11 7 17 3 9 3
1 11 5 5 13 5 6 3
0 55 56 17 59 44 52 14
5 21 12 7 23 16 10 12
4 8 8 8 11 0 10 3
0 3 2 3 5 1 3 2
44 20 13 15 47 0 27 7
26 13 39 14 59 31 16 15
4 2 0 5 7 3 4 5
29 58 34 38 59 19 12 51
22 9 12 17 29 23 20 1
21 20 23 20 37 15 30 17
3 12 1 14 17 7 14 16
3 10 6 8 11 3 0 10
29 6 9 9 31 1 21 30
3 28 15 11 29 28 12 21
28 24 20 18 37 8 15 32
0 2 1 0 5 4 3 4
3 1 1 1 5 1 1 4
3 20 21 15 37 26 2 27
24 29 1 5 41 26 36 28
24 51 47 48 59 1 13 4
1 15 2 0 19 9 13 13
41 33 38 4 53 8 38 49
24 24 26 36 53 1 39 45
1 1 16 2 41 10 22 14
55 30 52 16 61 47 30 46
46 36 10 34 53 2 6 31
4 2 3 0 5 4 2 2
7 9 6 5 13 6 3 7
7 1 3 8 13 10 2 0
14 24 18 21 29 12 3 4
27 7 5 4 29 19 25 17
11 14 26 10 31 16 27 13
46 32 43 12 53 11 32 26
12 7 5 9 23 19 15 7
22 34 8 32 41 29 6 21
0 2 1 1 3 2 0 1
2 1 5 9 11 8 5 2
3 28 40 15 41 14 6 34
11 12 7 9 23 9 7 14
14 4 0 15 23 10 21 13
1 3 18 22 23 16 7 16
37 27 11 33 41 26 3 3
9 5 13 12 17 0 14 16
3 12 2 11 17 5 13 12
14 12 27 10 29 6 22 16
3 0 2 2 7 0 6 6
16 30 1 13 61 48 32 21
21 17 19 6 31 2 29 1
0 0 3 7 11 1 0 0
12 1 8 11 13 6 9 11
47 35 45 58 61 30 25 17
8 8 11 13 17 0 14 16
14 0 4 7 19 5 7 16
17 25 13 25 29 22 28 4
10 20 3 18 23 11 19 7
25 6 34 28 37 14 26 8
16 11 40 10 43 21 25 27
9 10 1 3 11 7 4 4
18 9 22 41 47 41 24 37
19 3 20 0 31 11 1 5
43 10 57 51 59 41 4 41
21 22 10 22 31 9 0 9
10 9 18 0 29 23 0 16
16 20 20 17 29 26 28 18
28 5 13 8 29 2 24 0
27 29 11 0 59 45 7 22
4 21 39 37 47 22 11 4
1 41 6 40 59 9 19 57
6 17 15 6 19 12 7 18
4 11 44 0 47 3 36 26
19 10 12 12 29 4 4 23
36 21 16 7 41 31 35 33
27 24 0 18 29 16 11 15
40 38 32 54 59 24 50 41
10 16 25 13 29 0 1 17
28 40 43 43 53 43 52 40
4 20 0 11 23 22 14 15
11 8 8 5 13 4 8 8
10 10 1 14 17 3 2 11
1 6 6 0 7 1 2 5
12 10 32 1 43 18 35 24
1 16 5 16 17 7 11 1
4 5 12 8 13 11 1 1
16 1 19 23 31 2 5 28
4 15 0 4 19 17 0 15
7 6 5 9 11 9 4 6
7 59 18 27 61 12 49 41
2 2 0 1 3 0 2 1
2 8 0 18 29 14 23 10
0 35 34 11 47 43 0 12
31 1 33 27 37 34 31 36
3 53 34 49 59 11 16 21
16 7 12 6 17 2 5 0
15 23 1 20 29 10 20 7
3 4 3 4 7 5 3 3
21 5 17 5 29 7 20 24
10 8 15 18 43 33 22 11
36 26 11 18 41 6 25 30
8 10 24 18 37 14 33 33
10 4 16 9 19 18 9 0
7 27 24 13 29 13 5 14
5 4 9 1 11 1 1 4
45 25 15 21 59 12 4 8
4 6 7 7 11 0 5 1
43 3 48 37 61 2 26 15
2 21 14 42 59 48 35 54
16 17 11 15 31 5 24 17
21 9 11 4 41 0 40 2
10 10 0 7 13 9 4 10
35 12 16 9 37 22 22 29
30 3 24 25 31 14 18 15
2 8 8 13 17 4 11 10
9 41 40 3 59 5 29 33
6 9 9 2 11 1 10 4
1 2 1 2 3 0 1 1
16 2 8 2 17 11 10 15
4 8 11 11 17 3 6 13
3 6 2 12 19 17 12 10
8 6 0 4 53 11 2 22
56 45 13 40 59 37 6 50
3 18 0 13 19 1 4 12
12 17 2 22 29 27 8 10
21 17 16 35 41 36 35 17
17 26 32 39 43 10 41 22
12 16 8 4 19 13 8 15
13 24 9 5 41 25 39 37
1 7 9 5 11 6 10 9
1 12 3 27 29 25 16 6
1 6 4 19 37 2 22 14
12 13 2 7 37 16 13 16
6 52 12 3 53 7 6 1
2 0 1 2 3 0 1 1
4 40 13 42 61 12 32 8
36 16 49 59 61 50 40 13
18 15 22 4 23 21 15 17
4 15 7 1 17 5 7 16
3 1 2 0 5 3 1 1
13 10 12 16 19 12 11 16
15 37 12 18 41 9 4 19
1 2 2 2 3 1 0 1
6 13 11 8 23 4 7 11
1 1 4 1 5 0 0 4
27 47 60 43 61 53 40 47
4 0 2 1 5 2 3 2
4 4 1 16 29 12 11 24
5 45 58 39 61 12 10 58
4 39 23 15 47 38 38 46
8 29 37 34 59 3 55 28
4 0 3 2 5 2 2 1
4 0 11 13 17 11 11 4
12 6 10 3 17 2 10 14
24 16 13 24 37 33 36 23
10 10 5 3 19 11 9 18
10 9 3 8 11 5 7 4
7 8 14 18 23 17 20 3
28 16 21 53 59 39 56 14
3 1 27 0 31 6 20 1
15 34 36 6 41 3 10 14
32 34 15 14 53 48 5 4
26 25 9 8 41 20 7 35
37 25 35 2 43 23 28 14
4 10 0 8 11 10 10 9
1 4 3 1 5 0 2 0
4 4 1 6 11 8 4 7
50 33 15 50 53 52 45 10
5 2 3 0 7 1 0 3
34 9 18 33 41 6 22 14
34 43 38 33 47 19 40 19
18 26 1 37 41 29 21 29
3 3 1 5 11 5 8 2
47 10 13 51 53 22 21 21
0 0 8 0 13 9 5 0
6 6 3 11 29 19 26 8
40 47 11 40 53 12 48 26
28 14 22 30 47 8 25 25
10 7 5 1 13 10 1 9
1 2 2 2 3 1 0 1
8 5 2 3 13 8 6 0
10 2 4 2 11 2 8 9
25 25 19 13 29 20 18 18
45 4 26 27 53 5 51 20
22 11 30 5 37 24 11 27
37 4 36 36 41 8 8 11
4 36 24 21 37 34 35 15
17 11 7 8 23 1 3 7
12 6 7 11 19 17 1 2
9 17 8 12 31 21 8 19
7 17 55 14 59 17 0 1
5 5 9 11 13 2 11 12
9 21 5 9 23 16 18 21
17 3 28 13 37 1 2 14
0 2 1 1 3 1 0 1
4 3 3 1 5 2 2 1
25 11 10 8 31 10 1 0
22 24 25 14 43 6 31 6
10 8 0 1 11 4 6 8
32 7 18 26 37 4 3 25
11 2 0 5 13 0 1 0
8 7 7 11 31 23 1 27
24 29 27 8 31 17 29 6
13 23 27 18 29 17 2 0
15 11 4 11 17 12 15 6
1 16 15 16 19 4 3 3
6 10 20 6 31 8 19 7
10 0 6 7 11 3 7 3
1 2 2 0 5 1 1 3
9 8 7 2 11 5 4 7
0 1 2 5 11 10 2 6
15 0 19 6 23 8 20 4
2 0 0 2 5 2 4 2
16 29 17 25 41 26 24 3
8 15 1 16 17 2 16 8
11 12 11 12 17 13 10 15
24 4 32 60 61 34 54 30
2 3 4 4 5 1 3 4
5 5 6 3 7 4 0 6
2 9 10 11 13 12 10 2
16 15 14 21 29 12 8 19
0 3 2 2 5 3 2 3
2 4 4 4 7 4 1 3
2 12 3 7 13 8 7 0
2 0 0 2 5 4 4 2
1 1 0 1 3 0 2 2
35 0 21 18 47 38 8 19
2 1 0 0 3 2 2 2
0 5 2 4 7 2 0 2
6 6 1 2 17 3 12 13
18 17 12 23 29 3 0 23
6 8 15 18 19 8 18 4
17 14 8 19 23 1 2 16
3 6 8 4 23 15 14 3
32 12 23 7 37 8 12 32
26 20 2 22 29 6 0 2
51 13 1 35 59 24 29 8
30 1 18 38 41 17 25 28
10 17 2 8 19 14 5 10
4 1 39 24 53 21 1 4
13 3 23 8 43 39 18 16
2 4 5 4 7 6 0 3
32 24 40 60 61 29 55 25
6 6 27 42 43 13 34 32
0 10 1 10 11 1 10 1
2 0 4 3 13 6 6 7
22 7 29 29 37 4 14 34
0 2 1 0 3 0 0 1
20 2 31 40 61 21 30 30
20 25 45 27 47 30 36 32
14 9 23 23 47 46 13 3
1 5 4 4 11 6 0 2
4 29 17 41 43 3 17 2
23 12 19 5 29 8 10 18
4 4 7 8 11 5 3 1
10 10 9 6 19 5 16 4
28 1 34 6 41 16 15 3
35 6 34 41 43 23 38 13
14 3 6 16 17 4 10 16
15 3 7 15 43 11 34 4
13 16 32 17 37 28 33 18
10 10 3 12 19 6 15 5
8 1 7 14 19 16 2 16
2 15 7 0 17 15 0 13
0 7 5 10 13 11 12 4
27 19 18 18 31 12 4 18
16 9 10 2 29 25 10 27
22 20 11 16 43 3 8 32
3 4 1 6 7 4 4 4
5 12 3 5 17 15 0 14
2 1 1 0 3 0 1 0
2 2 1 0 3 1 1 0
0 30 21 36 43 32 37 27
0 4 9 11 23 11 20 6
24 21 5 12 29 19 4 19
23 12 26 11 31 3 20 18
13 17 18 10 19 0 12 12
7 7 8 1 11 8 10 0
14 6 5 1 19 8 5 18
15 5 7 1 47 17 37 31
33 33 29 33 37 25 12 4
23 24 1 40 61 25 34 45
4 7 3 8 11 7 5 5
17 18 11 15 29 9 23 8
0 2 2 0 3 2 2 0
31 15 18 27 37 27 16 11
3 5 7 8 11 4 5 10
49 31 4 20 59 44 31 56
4 2 3 5 7 6 2 6
3 1 2 4 7 3 4 2
31 36 22 7 43 28 11 38
35 33 19 16 53 20 14 39
10 2 4 6 13 5 11 3
6 5 1 3 7 0 1 4
34 28 16 23 37 7 13 21
22 0 24 1 41 39 26 39
9 38 4 6 41 22 5 4
0 0 5 1 7 6 4 2
23 21 20 33 41 3 14 25
23 10 10 38 41 19 9 4
0 3 2 0 5 1 4 3
6 6 7 3 11 3 7 8
19 22 6 15 23 20 7 11
20 26 17 9 29 25 8 13
23 13 12 21 41 0 15 11
4 29 43 48 53 18 0 11
24 39 8 17 41 32 0 35
5 4 1 8 11 2 6 8
17 7 9 13 29 22 9 16
6 0 4 1 7 0 6 0
1 2 2 2 3 1 0 1
32 10 20 23 59 50 43 56
6 10 0 5 13 11 3 12
6 12 12 3 19 5 8 10
18 21 4 8 23 7 17 21
32 19 17 25 41 4 2 10
11 4 8 9 19 8 7 2
3 3 1 0 5 1 2 1
6 51 42 1 53 20 12 28
4 2 3 4 5 4 2 4
21 27 3 14 37 12 23 25
25 10 16 11 41 30 40 19
11 7 6 6 13 8 8 4
14 0 4 10 23 14 6 15
5 8 20 4 29 23 10 3
23 26 9 27 37 25 32 9
22 13 3 17 29 21 3 12
20 2 28 14 29 22 5 6
15 16 11 15 17 10 7 3
26 36 23 51 59 1 35 9
10 2 18 23 29 7 2 19
20 40 5 23 53 9 38 35
0 3 1 3 5 3 4 2
38 16 4 23 53 42 22 15
13 18 4 3 31 27 3 9
16 0 10 12 31 12 9 17
15 2 3 28 41 29 22 20
15 21 5 11 43 28 24 13
45 47 7 6 53 17 8 25
11 23 17 6 31 1 5 22
35 32 33 17 43 28 42 23
7 23 22 31 47 14 21 4
22 0 15 22 41 27 3 34
2 11 15 9 19 9 0 15
4 14 11 10 17 9 11 7
2 2 1 0 3 1 1 0
2 1 0 2 5 0 2 4
17 13 6 15 19 3 2 5
32 36 27 4 61 59 21 10
38 27 6 5 47 15 11 18
15 16 2 1 19 4 13 17
1 2 2 0 7 1 1 5
19 6 22 6 41 3 0 35
9 2 1 14 19 12 16 18
0 32 42 18 43 16 25 5
17 32 24 40 41 7 8 31
15 1 1 13 19 17 8 12
21 9 20 15 23 17 18 19
16 14 8 5 19 2 12 0
28 25 0 13 29 9 0 16
44 36 42 1 47 17 44 11
9 16 2 0 23 13 13 11
24 38 17 9 61 21 16 30
37 32 5 3 59 52 43 40
36 24 29 21 41 24 13 21
1 1 0 2 3 2 0 1
17 6 3 1 47 20 36 4
24 1 22 16 29 21 3 1
5 31 2 35 37 22 3 28
15 18 16 23 37 27 31 13
35 19 39 18 41 11 26 30
11 9 6 6 13 9 0 8
31 20 13 13 37 36 4 9
41 19 20 10 59 19 3 31
8 9 13 16 23 12 15 18
18 21 15 16 23 20 3 4
22 7 6 2 43 27 24 30
21 39 13 46 47 17 38 17
2 3 5 3 7 2 0 4
29 10 8 12 31 9 30 27
10 0 0 3 11 4 10 0
0 3 2 1 31 0 30 27
0 0 2 5 7 2 6 6
13 2 2 15 19 8 1 8
51 1 32 4 61 9 25 27
10 26 34 26 61 30 17 35
3 23 2 23 41 38 36 18
4 9 0 8 17 3 12 6
12 4 5 15 17 6 16 12
51 43 50 30 61 16 7 41
4 9 22 23 29 19 19 18
15 5 12 11 23 2 0 11
3 14 8 13 17 1 4 10
7 2 1 14 17 8 13 10
19 4 16 27 31 9 10 20
40 39 10 43 59 40 14 48
5 3 3 8 17 10 11 12
12 10 24 28 41 3 38 33
15 40 3 36 41 15 14 15
39 26 21 25 41 30 32 4
0 0 10 6 23 9 6 1
5 9 1 7 41 30 25 22
6 1 2 0 7 2 3 5
20 4 5 13 47 36 28 29
5 11 1 9 13 1 4 9
22 10 34 29 41 12 10 9
22 39 11 30 41 27 29 0
0 1 1 2 3 0 0 2
27 20 24 13 37 16 12 15
48 45 12 9 53 5 47 9
13 3 1 20 23 11 15 19
1 25 34 33 43 10 31 42
2 11 4 0 13 1 8 9
6 3 4 30 37 3 15 26
1 10 0 7 11 9 8 2
14 16 33 17 37 18 31 24
1 2 2 0 3 0 1 1
45 17 37 45 47 34 36 22
1 5 5 3 17 15 7 15
8 8 5 1 11 6 1 1
60 56 44 36 61 58 31 26
0 2 2 2 3 2 1 1
14 52 35 24 59 36 38 39
23 25 22 39 43 32 22 4
1 5 6 5 7 5 0 2
25 13 12 10 43 27 3 2
5 1 1 0 13 1 3 6
20 17 26 17 31 24 16 14
18 18 40 11 41 20 23 19
39 28 16 20 53 10 40 50
20 0 2 20 47 7 39 42
2 6 0 3 7 1 2 1
2 1 1 1 3 2 0 2
3 4 40 50 53 30 34 52
7 8 8 0 11 2 5 9
8 3 0 10 11 3 6 9
16 10 11 16 19 13 17 14
2 2 17 39 43 21 19 22
17 7 15 8 29 19 19 23
0 1 1 13 31 5 19 19
6 0 2 5 7 4 1 6
18 7 53 57 59 25 37 8
1 3 0 0 17 0 8 10
13 9 22 21 23 20 0 16
13 0 9 7 29 2 1 8
4 10 8 3 11 4 0 5
10 7 7 1 11 0 9 6
4 29 23 18 59 19 24 54
17 10 2 17 41 19 6 4
22 8 24 15 37 13 31 16
17 18 3 2 41 19 29 21
27 41 45 24 53 29 38 43
0 2 6 16 41 11 4 16
7 0 2 6 11 6 3 4
5 11 9 1 13 6 2 1
1 0 4 1 5 2 4 4
47 47 52 6 59 51 6 18
29 9 10 4 31 5 1 0
40 21 27 22 41 39 7 8
22 8 4 15 29 13 7 20
24 10 8 39 47 27 17 39
39 41 8 2 59 45 39 18
20 34 5 12 37 22 13 33
13 14 28 15 53 50 8 4
2 10 5 2 11 1 5 9
5 20 20 6 29 19 5 9
2 18 1 16 19 11 1 3
0 0 3 0 7 3 4 0
0 21 36 40 61 15 45 1
30 17 29 54 61 46 29 7
1 2 2 3 5 1 3 1
8 11 11 7 13 12 3 4
34 18 5 10 37 15 36 21
30 56 34 13 61 14 2 9
5 20 19 5 23 2 12 22
0 12 8 5 17 15 1 8
19 11 6 17 31 18 13 22
31 37 0 8 53 16 21 51
7 5 8 8 11 1 5 1
1 0 0 1 3 2 0 2
7 30 4 19 41 27 7 11
25 29 22 2 37 31 34 1
9 17 1 21 47 27 2 3
2 10 4 55 61 23 58 11
1 0 0 1 3 2 0 2
0 3 1 0 5 0 3 1
7 18 9 12 23 2 16 9
13 8 0 15 19 6 10 5
0 2 3 1 5 1 1 0
12 6 0 6 17 11 5 11
11 5 1 12 13 6 5 9
2 1 3 5 11 1 0 7
8 10 17 19 23 15 22 22
28 26 34 40 59 39 9 38
4 5 1 5 17 14 12 12
30 49 47 53 61 3 44 41
9 0 7 2 13 11 11 2
38 27 24 36 43 26 22 18
17 8 0 7 19 16 7 6
23 24 28 20 31 9 29 18
0 21 15 5 23 18 12 1
20 2 16 11 23 16 5 16
54 59 47 40 61 52 57 20
31 36 27 15 37 22 32 5
18 25 6 17 31 12 4 5
0 4 3 0 5 0 1 4
7 23 15 15 31 6 10 11
4 3 23 14 29 0 18 24
20 5 26 14 31 2 26 17
3 7 5 7 13 3 5 6
24 20 28 21 29 8 26 23
2 13 15 1 19 3 6 17
0 2 1 0 3 2 0 1
9 17 3 3 19 4 4 1
1 1 2 1 5 1 2 4
22 34 28 41 43 31 29 8
3 0 2 2 11 0 10 3
17 17 11 30 43 23 40 40
2 1 1 0 3 2 1 0
20 35 6 13 43 19 30 23
27 18 4 15 43 3 16 4
18 1 3 12 19 10 2 5
11 17 31 30 37 23 29 12
11 18 29 18 31 8 22 13
2 4 1 2 7 2 1 5
1 9 4 9 13 4 8 4
27 35 36 26 41 33 20 40
2 11 0 0 13 12 12 12
9 37 18 21 53 36 20 12
2 1 5 4 19 7 13 7
4 23 40 23 41 30 38 18
9 1 5 5 11 8 9 10
6 44 43 34 61 39 27 54
42 10 31 29 43 2 27 11
0 9 31 50 53 12 35 49
11 4 10 5 31 27 11 27
20 14 1 15 37 9 20 23
41 40 33 45 59 37 49 24
14 26 11 26 29 20 4 3
17 13 19 12 29 2 15 15
51 31 42 15 59 7 42 44
7 14 14 16 19 7 7 5
18 7 8 9 19 3 9 14
34 9 36 34 41 30 35 40
25 35 24 19 47 40 19 14
6 4 8 0 11 6 1 8
21 4 30 13 31 30 12 5
0 3 2 4 5 1 2 1
22 26 25 11 43 21 21 12
27 35 45 4 53 6 44 9
11 16 18 2 41 34 16 35
30 12 3 30 43 6 20 10
9 6 1 8 11 7 10 8
46 44 14 19 53 28 36 40
12 11 4 13 17 11 0 3
29 24 13 11 47 11 22 14
11 22 24 21 31 26 16 7
25 44 29 13 61 40 48 58
1 2 2 1 3 1 1 1
36 34 13 33 37 14 15 20
0 1 2 0 3 2 2 0
6 5 9 11 13 2 2 3
32 39 9 15 61 22 40 11
2 2 3 0 13 8 12 5
17 14 16 21 23 22 16 2
13 17 10 14 19 9 16 18
10 8 1 7 11 2 3 5
38 35 2 39 53 49 49 31
0 4 7 12 19 9 4 5
1 12 7 2 19 14 18 10
16 3 26 25 43 38 11 8
0 1 2 1 5 4 3 4
12 18 1 4 29 22 3 4
27 39 11 13 47 31 30 9
15 9 9 2 19 8 18 16
18 9 8 13 23 7 22 11
30 6 26 35 43 32 10 21
9 2 0 17 19 11 17 5
0 3 35 24 47 44 18 5
10 18 0 13 29 26 12 10
2 0 1 2 3 0 1 1
7 2 2 10 11 5 5 8
1 14 3 13 17 15 9 7
0 4 6 9 11 0 6 2
14 43 16 50 59 25 56 46
2 5 1 5 7 1 4 2
7 16 18 26 31 24 14 3
56 47 49 34 61 44 8 16
16 1 9 8 19 17 14 16
13 3 1 1 17 2 12 0
28 43 23 36 53 6 40 25
0 2 4 3 5 1 2 0
3 4 0 5 7 6 1 0
28 7 9 32 53 21 33 47
11 18 32 31 37 7 24 18
27 23 9 30 47 37 20 3
38 30 20 46 47 45 13 0
13 13 0 12 17 2 3 10
30 11 7 26 37 31 7 11
11 0 8 5 13 5 4 10
17 29 14 3 47 13 18 25
27 0 17 23 29 22 19 28
18 27 1 8 37 14 14 21
26 9 21 27 53 49 2 0
0 1 1 2 3 0 0 2
23 34 4 10 37 4 20 36
7 3 13 15 23 16 7 20
3 4 5 5 7 2 1 4
13 1 8 12 23 12 5 9
7 23 1 23 37 3 29 14
31 48 33 44 61 13 1 14
11 54 48 23 61 60 15 12
43 27 58 2 59 25 46 37
7 1 0 4 11 7 8 1
4 1 0 1 5 4 1 4
17 5 1 6 19 14 18 1
3 4 1 0 5 3 0 2
43 54 53 5 59 29 23 25
52 55 27 7 59 8 2 41
11 9 4 9 13 8 11 4
1 2 5 5 7 1 2 6
0 2 7 7 19 7 16 11
17 26 10 9 43 10 14 12
4 40 35 44 53 36 39 29
7 9 16 0 19 7 16 0
6 0 22 34 37 32 6 0
13 24 8 8 43 4 3 8
0 4 1 0 5 4 0 1
20 14 22 1 29 19 22 28
12 42 43 6 59 42 49 20
3 4 8 18 19 18 9 2
0 1 6 4 7 2 3 1
1 2 0 2 3 2 2 1
3 2 4 4 5 3 2 0
1 1 2 18 19 11 1 18
34 47 54 55 59 37 16 31
3 2 4 3 7 2 1 0
5 4 0 9 17 13 13 4
57 22 47 39 61 48 52 0
29 15 38 3 47 35 34 23
1 0 2 1 3 2 1 0
21 19 27 3 43 39 26 23
10 2 1 0 11 9 1 0
12 12 11 3 29 16 0 9
36 10 26 16 37 36 2 14
2 0 1 6 7 2 5 4
3 13 30 40 43 3 11 22
7 5 10 10 11 9 9 10
1 0 2 1 5 2 3 3
3 4 1 2 5 1 2 2
11 4 17 15 23 19 22 18
3 7 21 1 23 15 17 13
13 16 9 7 17 6 16 7
5 24 26 9 29 18 21 4
13 12 17 11 19 2 14 12
30 35 28 40 47 18 7 25
11 1 9 11 23 4 5 15
7 20 0 26 41 26 18 7
40 50 44 16 61 44 34 21
8 25 28 8 43 9 16 42
1 20 13 4 23 22 21 22
12 15 8 20 37 11 7 25
5 9 0 16 17 15 16 3
15 22 19 13 29 25 20 11
20 11 8 30 47 45 14 3
6 8 20 10 23 19 5 2
2 5 3 4 7 5 3 3
7 1 4 10 13 6 11 11
31 33 32 34 37 1 12 23
13 5 14 6 19 15 12 15
1 3 4 0 5 4 1 2
0 1 1 2 5 4 0 4
21 16 38 22 41 40 0 30
1 1 2 1 3 1 0 2
2 0 0 2 3 1 2 0
1 6 8 4 13 9 7 5
14 11 25 1 53 28 3 32
6 4 0 1 11 2 8 6
48 42 40 30 61 37 21 29
6 5 10 7 13 11 7 1
6 2 15 0 17 11 12 5
1 2 2 0 3 0 1 1
9 11 1 15 17 13 3 3
12 12 4 9 19 17 7 16
0 16 25 4 31 7 10 26
12 10 1 2 13 6 3 6
11 17 16 10 23 19 9 17
23 49 27 18 59 43 58 1
10 15 4 0 19 3 16 8
7 8 0 5 11 3 8 1
8 2 5 6 13 1 9 8
15 5 5 3 17 0 12 16
3 2 1 4 5 4 2 2
5 12 14 18 19 7 11 3
0 4 2 4 7 4 5 3
38 8 33 12 47 34 18 23
3 7 5 8 17 7 5 9
41 25 31 1 47 11 24 44
4 47 47 37 59 21 13 58
37 13 2 39 43 19 28 27
6 2 7 8 19 13 4 10
5 7 1 11 31 15 26 14
4 6 1 1 7 4 4 1
19 23 40 42 53 37 9 34
4 6 8 9 13 8 4 7
2 1 1 0 3 2 1 0
11 3 26 23 43 30 3 22
12 9 7 20 23 0 7 3
1 15 13 34 37 18 16 26
1 58 18 33 61 33 22 59
33 31 48 18 53 37 38 44
11 21 16 1 43 15 32 20
6 39 4 37 47 14 38 23
24 24 8 15 29 18 4 9
4 6 2 1 7 5 2 6
11 6 3 10 13 4 9 6
12 11 13 19 31 8 8 21
0 1 1 0 3 0 0 2
17 5 18 2 29 5 3 11
26 10 21 26 29 17 5 4
1 0 4 2 13 10 7 9
49 13 12 14 53 42 39 34
2 2 1 0 3 1 1 0
31 21 11 38 41 8 7 16
4 7 3 10 13 2 2 0
0 4 7 3 31 23 12 11
32 54 35 11 59 21 27 12
24 15 22 24 29 4 25 4
12 6 38 34 43 18 28 33
2 1 3 2 5 1 1 0
18 13 10 27 31 11 8 16
4 37 34 6 43 6 0 42
2 4 4 3 5 4 3 4
14 33 38 39 47 5 45 18
14 14 18 16 23 20 20 6
21 23 7 27 31 30 17 29
4 13 14 12 19 2 5 8
43 12 0 24 53 37 39 14
2 49 34 47 53 17 11 41
12 7 22 4 23 0 16 8
19 0 32 25 47 15 20 27
8 9 7 7 11 9 0 7
4 2 0 9 13 5 8 5
5 11 3 9 13 9 6 1
6 3 5 3 7 4 3 4
9 12 7 2 13 10 9 1
21 5 5 17 23 11 22 13
8 3 11 16 17 0 13 15
7 13 11 3 19 9 12 9
3 4 1 9 13 10 12 12
17 9 7 18 19 8 15 12
22 13 24 11 31 14 17 13
16 45 24 31 59 26 11 20
19 9 7 22 29 5 8 25
4 37 12 17 43 5 1 20
9 52 34 52 61 40 18 9
22 10 15 26 47 41 44 0
1 2 1 2 5 4 2 0
16 14 41 49 53 37 34 35
5 4 11 3 13 7 1 4
0 1 1 0 3 2 0 2
3 4 9 4 41 40 29 37
12 10 18 1 19 11 15 4
6 3 5 1 13 1 6 10
8 20 11 7 53 27 41 17
20 26 0 7 59 21 43 20
6 1 4 0 7 2 6 6
1 17 36 15 37 0 1 20
52 51 38 19 53 7 5 11
7 1 1 0 19 11 1 0
28 38 57 58 61 11 25 44
4 4 2 6 7 1 2 1
11 3 4 10 19 16 5 10
0 8 2 10 13 7 12 6
5 1 6 4 7 5 5 6
8 7 0 16 17 16 10 8
7 58 22 20 59 5 6 26
10 4 4 13 23 0 17 18
17 7 38 28 43 42 32 21
0 2 1 1 3 2 0 1
8 3 3 1 13 3 11 1
4 0 1 6 19 14 18 9
11 22 4 25 29 20 13 12
1 2 2 2 3 2 0 1
19 21 9 10 23 9 13 4
6 6 1 4 7 4 1 3
11 24 12 13 29 7 11 5
16 1 12 24 29 6 25 0
28 14 36 33 47 26 7 30
9 8 30 15 31 30 30 16
16 7 2 10 23 22 0 6
22 7 19 16 23 15 14 15
1 45 43 54 59 52 31 16
60 46 41 12 61 3 46 24
17 23 5 17 37 29 6 1
6 18 3 11 41 1 1 21
1 8 0 18 43 4 13 26
9 15 5 9 17 3 1 14
1 4 2 1 5 2 1 1
7 15 8 45 53 0 37 39
55 59 36 53 61 56 36 8
38 6 39 35 41 10 26 14
0 6 2 0 7 1 0 1
3 1 0 0 5 1 1 3
11 19 0 15 41 24 22 18
4 7 28 15 61 33 2 14
7 8 0 5 13 2 3 3
4 2 3 3 5 4 4 3
12 6 14 18 29 25 10 6
1 0 0 1 3 2 0 2
5 10 10 6 11 1 5 1
2 4 6 4 7 1 6 3
12 4 1 15 17 3 5 6
2 2 2 2 3 2 0 2
16 36 14 35 41 21 1 33
24 2 36 10 37 25 35 3
8 10 12 12 13 9 3 12
36 12 4 30 41 27 5 9
34 1 35 26 37 14 1 10
2 9 30 12 37 27 1 3
4 2 6 1 7 0 6 6
33 35 20 11 37 15 22 28
0 20 20 7 31 28 27 27
2 9 1 9 11 7 8 2
33 38 45 3 53 19 17 39
12 8 11 2 17 5 13 3
2 7 1 4 11 2 6 3
7 9 38 10 43 28 21 28
17 16 0 6 23 2 19 18
2 34 6 38 41 32 34 16
1 6 6 6 7 2 0 1
4 3 17 15 29 10 14 19
3 28 11 12 37 16 27 20
9 6 2 4 11 2 3 2
9 3 10 4 11 4 4 2
48 43 46 50 59 42 51 56
41 48 54 47 59 38 45 34
11 50 6 29 53 48 7 41
12 27 20 39 41 20 1 10
29 39 0 27 53 4 11 5
3 0 2 0 5 3 0 0
3 3 6 2 17 14 10 5
8 2 0 4 11 1 1 10
38 48 46 5 61 60 24 14
27 18 0 14 29 18 6 27
6 5 1 2 7 4 4 6
18 18 9 3 61 28 30 23
2 11 14 8 17 8 0 14
3 1 5 0 7 5 1 5
11 7 3 8 23 19 18 14
20 38 39 24 47 14 0 19
2 1 0 1 3 0 1 2
23 28 15 4 29 13 0 12
4 6 1 0 7 3 6 4
0 5 30 20 31 28 9 6
6 25 22 29 37 10 16 28
22 28 13 15 41 4 1 16
7 5 9 3 17 5 2 7
0 4 2 4 5 3 3 1
5 5 30 20 37 6 29 25
21 11 6 34 53 29 30 24
13 13 32 40 41 32 33 19
16 11 2 2 23 9 6 2
25 17 19 15 29 20 27 21
1 2 1 2 3 0 1 1
2 1 1 2 3 2 1 1
32 20 13 39 41 32 38 27
22 15 4 3 41 30 20 0
6 22 14 14 31 27 12 15
38 14 30 21 47 37 4 15
20 19 21 8 23 17 11 20
14 19 33 27 37 5 24 6
7 3 10 7 13 11 5 4
0 1 0 1 3 1 1 0
10 10 30 21 31 21 23 3
38 42 27 20 47 9 33 15
2 40 30 39 43 23 24 13
39 40 31 37 61 38 55 15
6 11 16 21 61 10 40 16
14 11 26 16 29 22 22 5
2 0 3 1 5 1 1 1
2 21 5 13 23 6 18 14
2 2 9 1 11 6 9 10
1 15 11 8 19 7 13 1
1 2 3 3 5 1 0 1
1 3 2 2 5 1 3 4
3 1 1 1 7 6 3 6
60 8 39 18 61 45 4 6
2 3 7 0 11 1 5 1
2 20 15 1 23 17 8 10
10 8 1 46 59 13 1 13
3 0 2 2 5 4 4 2
37 54 6 33 59 14 35 33
16 33 59 42 61 51 32 36
23 12 37 33 43 31 39 7
3 36 32 36 47 26 12 11
17 23 1 29 31 25 2 14
0 7 8 9 11 2 1 1
14 15 0 1 17 2 4 12
6 4 1 3 7 3 2 1
42 0 10 14 47 29 13 2
2 3 3 6 7 4 4 5
8 1 0 3 11 5 1 0
3 9 22 17 23 10 2 12
16 15 2 4 29 8 2 25
0 4 1 3 5 3 0 1
4 3 0 2 5 2 2 0
3 3 4 2 7 2 1 2
2 7 13 3 19 5 9 18
6 4 2 6 7 3 1 4
22 1 14 18 31 20 0 22
34 36 31 11 59 19 11 18
11 7 1 6 13 6 4 8
6 14 21 30 43 6 33 26
9 38 41 14 59 1 28 50
13 14 3 13 19 16 7 17
12 2 13 6 19 8 10 6
10 0 11 8 13 8 4 9
14 13 12 8 53 18 20 25
2 12 6 6 13 11 4 4
14 11 22 13 43 35 42 25
2 28 36 31 43 25 29 24
29 30 18 8 31 1 19 21
16 15 46 4 47 44 9 31
26 2 37 6 53 9 37 47
18 27 17 23 29 22 10 5
6 8 0 18 23 12 7 9
6 0 7 13 17 11 3 5
13 48 3 3 59 33 19 43
26 23 13 13 37 6 1 19
31 38 4 17 41 10 39 15
1 0 7 3 13 3 2 6
12 2 17 16 19 0 10 15
22 18 26 5 29 6 26 24
16 22 34 33 47 12 1 42
9 7 1 8 11 6 6 5
17 17 11 15 19 1 8 5
9 4 16 12 23 3 4 5
29 20 35 13 53 14 36 50
0 9 5 4 11 2 7 9
10 3 7 9 11 7 9 6
1 2 4 1 5 2 4 4
35 2 3 23 53 19 16 17
1 29 36 8 41 22 6 15
6 3 1 6 7 4 4 0
5 3 2 6 7 2 1 0
2 2 1 0 3 1 1 0
8 39 19 2 41 5 6 40
15 14 3 10 19 18 18 4
16 16 1 15 19 0 8 1
32 3 31 33 59 25 11 16
36 16 2 30 37 7 29 29
13 15 10 1 31 9 16 2
6 16 2 2 17 12 0 5
1 11 0 4 13 9 9 11
5 10 2 4 11 9 8 6
11 31 20 36 47 22 43 40
26 42 22 10 61 23 16 38
1 0 0 2 3 1 0 1
6 2 6 2 7 4 2 5
37 13 19 37 43 36 27 31
5 5 40 8 43 8 23 34
12 11 3 34 41 37 30 35
12 28 34 24 41 3 34 17
6 8 7 3 11 4 1 0
28 17 16 13 29 25 27 22
4 2 0 7 11 4 1 8
38 19 18 47 61 29 46 41
27 40 41 0 43 9 13 6
3 1 2 2 5 4 1 2
22 5 20 3 23 2 5 12
16 12 5 13 19 8 9 15
9 0 8 1 13 0 10 1
17 22 15 1 31 19 24 13
26 3 22 3 41 14 34 38
1 2 1 2 3 2 2 2
13 15 8 0 19 16 7 3
33 37 5 8 43 21 16 19
7 5 3 15 17 4 9 0
17 43 31 39 47 11 1 33
7 5 3 9 11 8 2 1
18 17 4 22 31 26 27 15
5 0 2 0 11 9 4 0
4 14 20 24 43 28 12 24
15 4 9 3 17 1 2 1
28 5 3 21 41 34 11 12
3 2 5 3 7 5 1 6
3 1 7 18 23 4 21 3
7 31 14 5 41 35 2 9
24 28 42 43 47 1 30 14
9 14 3 2 17 15 9 3
2 30 51 43 53 41 47 50
30 5 13 46 47 37 36 15
9 16 6 13 19 7 5 7
32 30 21 2 59 20 51 45
6 1 3 2 7 2 2 0
2 4 1 5 7 6 5 6
13 18 28 23 37 3 29 26
10 4 13 23 43 32 41 29
9 6 3 0 13 10 2 1
1 1 0 1 3 0 2 2
8 1 7 14 17 4 1 10
4 21 36 7 53 17 37 10
21 21 14 2 29 25 28 18
0 0 1 0 3 0 2 0
13 18 35 4 41 8 30 4
6 26 17 4 31 20 12 17
4 14 12 6 23 5 8 13
15 3 2 1 23 3 18 16
12 1 0 13 17 12 6 10
4 36 22 49 53 23 11 9
4 10 11 6 19 18 2 16
18 36 39 23 41 20 4 10
3 0 10 2 11 10 1 10
2 3 3 1 7 1 6 5
2 5 16 1 17 6 14 13
47 26 6 8 61 26 57 44
19 29 4 13 37 26 13 7
3 20 45 23 59 47 39 28
2 6 1 9 13 4 6 6
15 11 6 34 47 42 7 26
27 26 21 25 31 5 8 3
4 3 0 3 5 0 1 2
5 4 27 28 61 29 7 16
28 52 55 3 59 42 51 40
2 0 0 1 3 2 2 0
17 7 31 52 53 42 1 52
0 2 2 1 3 1 2 2
4 5 5 7 19 12 14 13
21 20 3 22 23 10 1 11
7 1 27 0 53 40 30 24
39 6 7 12 43 15 14 35
27 23 21 17 29 14 11 22
20 10 25 24 47 38 23 38
38 41 45 44 59 35 40 34
2 2 0 8 11 8 7 2
7 27 11 3 29 4 18 10
11 15 12 22 53 22 26 39
7 5 6 5 11 9 9 6
2 2 0 0 3 2 2 1
4 43 13 17 59 26 3 0
16 15 5 16 31 20 20 22
14 23 1 14 29 1 21 19
15 32 20 11 43 26 5 12
7 8 9 10 17 4 2 14
31 0 26 8 37 25 24 11
48 34 7 49 61 47 18 19
1 1 2 2 3 2 1 2
38 1 36 16 59 15 56 16
57 25 60 22 61 22 6 46
0 0 2 1 3 0 2 2
40 42 38 29 47 17 23 45
14 11 2 15 19 9 1 10
19 16 11 2 37 29 17 6
18 9 24 15 61 60 20 50
45 4 7 42 47 13 43 41
19 49 12 51 59 28 4 31
18 8 13 16 19 14 5 13
13 33 37 37 47 17 14 6
7 1 6 8 13 12 10 7
13 1 1 17 19 16 11 9
0 2 1 1 3 0 0 1
0 0 2 2 3 2 2 1
4 19 21 11 31 0 0 1
26 29 32 15 59 46 13 39
18 23 22 34 37 21 30 18
9 28 17 22 59 46 52 19
3 3 2 4 5 3 1 0
0 21 18 16 23 1 6 19
21 28 27 23 37 3 1 17
18 33 26 22 61 0 37 16
2 6 1 4 7 5 1 3
0 15 11 0 17 6 8 16
53 0 35 50 61 5 50 12
33 2 21 4 37 2 19 8
18 37 34 4 59 31 29 41
33 14 8 36 53 13 21 3
1 5 6 4 11 10 8 3
9 9 1 8 11 4 6 1
10 6 2 6 13 6 1 7
4 6 1 1 7 6 4 1
2 10 13 6 19 3 9 15
16 14 0 6 17 5 14 4
8 8 15 8 17 3 11 9
4 8 3 1 17 14 8 15
23 28 6 29 59 1 20 10
16 14 4 9 17 1 15 2
13 57 24 58 59 14 42 53
16 3 0 17 23 17 11 7
3 43 21 36 59 42 55 10
19 7 41 0 43 12 7 40
6 19 56 53 59 46 12 43
13 29 28 9 31 10 9 7
12 7 6 11 13 2 7 7
1 1 3 2 5 1 0 2
15 17 7 5 31 1 19 8
13 3 6 8 31 11 22 30
37 16 14 35 53 4 12 44
8 10 7 2 11 5 5 3
0 1 2 1 3 2 1 2
5 10 14 7 17 8 0 11
40 17 48 18 53 52 47 2
12 7 1 5 19 3 12 12
26 5 23 2 37 18 26 32
24 28 28 8 31 12 4 27
8 8 0 5 31 1 12 6
16 3 19 30 31 22 15 6
6 1 8 1 13 12 12 12
0 2 0 2 3 0 0 1
11 12 14 20 29 24 24 21
41 10 10 22 59 2 13 2
9 8 3 1 17 11 4 12
4 12 17 9 19 17 3 17
2 18 13 22 23 17 3 13
32 33 43 43 61 4 8 11
33 4 26 6 37 15 3 35
4 0 1 4 5 0 4 0
2 3 21 16 37 29 24 17
10 36 22 16 41 14 30 11
58 55 52 17 59 28 35 12
19 5 3 13 37 33 6 7
9 1 10 13 19 12 11 13
33 30 15 54 59 21 39 37
1 4 3 2 5 4 2 2
3 11 2 15 29 25 11 21
17 32 39 13 43 15 12 36
3 3 6 0 7 3 6 0
2 10 0 21 31 26 5 22
4 4 0 19 29 6 1 21
20 28 30 21 31 1 19 24
38 24 32 14 53 26 27 12
42 50 50 28 61 9 49 15
34 13 11 34 41 17 19 25
32 4 23 14 43 7 11 30
20 19 19 14 29 6 15 6
9 6 5 2 11 4 9 5
15 4 40 30 53 30 4 35
41 42 0 24 59 22 19 54
1 4 9 9 13 0 4 12
4 11 12 12 29 2 18 9
1 4 4 10 11 3 10 0
10 36 54 7 59 52 58 1
29 9 26 8 31 0 14 27
0 2 1 1 3 1 0 1
32 31 5 24 37 21 9 1
4 23 27 11 29 3 2 10
1 6 3 3 7 2 0 3
4 11 28 7 37 4 4 26
2 1 0 0 3 0 2 2
3 10 12 4 13 8 10 12
37 55 17 45 59 5 20 42
3 2 1 0 5 2 2 4
2 2 3 11 13 4 11 8
11 7 16 0 19 14 16 0
7 9 1 7 11 5 8 9
8 27 3 19 31 17 30 6
6 27 12 15 29 28 15 20
0 18 21 4 31 13 7 28
20 21 22 33 37 34 31 24
5 0 4 12 17 11 16 13
3 22 2 13 23 18 7 11
4 3 0 7 11 2 8 1
4 0 2 6 7 2 3 4
15 2 1 11 17 15 10 13
6 1 5 2 7 0 4 4
4 4 4 4 7 2 0 0
17 11 8 31 41 33 26 9
8 17 1 7 19 18 7 17
13 11 9 8 17 6 3 5
47 23 1 54 61 45 17 39
22 1 17 13 29 28 12 4
11 53 15 8 61 39 51 31
34 48 54 18 61 26 21 24
4 16 14 8 31 12 0 18
39 38 11 13 53 25 4 33
12 20 1 7 31 10 3 16
1 20 4 33 43 5 9 17
44 58 37 41 59 52 14 57
52 45 18 7 59 26 37 3
24 2 19 2 31 1 19 29
3 2 46 53 59 57 25 46
1 11 7 8 13 4 2 9
9 10 11 0 13 1 5 9
9 15 27 30 37 7 13 31
26 30 30 0 41 13 31 28
2 38 35 4 61 49 4 38
36 40 33 32 47 32 6 40
30 9 21 20 41 4 33 22
43 15 4 4 59 9 39 30
16 13 18 3 37 26 28 10
16 14 10 22 23 5 9 15
40 29 36 25 53 28 31 33
17 21 3 11 29 9 3 18
6 21 10 18 43 33 41 16
16 8 2 2 23 16 8 2
49 20 7 36 61 27 27 21
15 12 13 3 17 16 5 16
38 10 33 52 61 21 2 17
24 6 10 10 37 27 28 11
30 24 18 31 41 39 9 15
4 6 3 5 7 0 1 4
16 15 17 5 19 11 10 1
3 15 12 11 17 3 15 13
14 12 9 9 17 11 10 4
24 20 22 2 37 15 35 29
5 1 6 0 7 0 4 5
22 36 46 1 47 41 38 3
2 23 13 24 53 14 31 37
26 4 23 20 43 42 32 28
27 41 11 39 59 21 33 32
26 29 21 20 41 25 12 29
2 2 4 2 7 2 1 5
13 45 38 36 53 22 38 17
4 1 2 6 7 2 2 1
7 37 20 27 47 5 37 15
5 40 56 45 59 10 3 3
5 1 14 4 19 3 17 14
3 0 0 4 7 5 5 5
1 5 4 6 7 0 6 5
4 0 5 4 7 5 0 2
7 8 8 4 13 11 1 7
35 35 5 13 41 19 5 28
4 7 9 15 23 2 19 15
0 1 1 1 5 3 4 4
5 7 10 4 13 10 2 12
3 8 9 8 13 11 1 5
4 2 25 25 31 20 20 10
11 6 20 20 23 7 16 22
41 27 9 3 59 51 28 27
16 25 12 19 41 9 5 12
45 14 37 13 59 55 48 52
5 2 6 1 7 0 4 4
7 42 14 23 59 42 55 4
14 3 20 21 23 2 21 22
4 14 0 0 17 16 4 3
4 9 9 1 11 8 1 6
0 7 18 12 23 21 6 22
6 5 1 4 7 1 2 0
13 9 46 14 47 35 44 39
4 4 3 0 5 1 4 1
27 2 32 18 47 28 2 31
22 5 36 1 43 38 0 1
6 15 57 20 61 56 44 4
18 14 5 6 23 20 8 1
46 27 37 52 59 7 50 30
6 19 35 26 43 12 13 6
1 5 6 4 11 7 8 3
4 30 34 9 43 27 30 14
4 13 23 31 47 41 36 21
38 27 13 19 53 21 1 23
19 35 10 9 47 8 13 45
11 8 5 5 13 3 7 7
1 2 3 1 5 4 0 0
0 6 4 0 13 6 8 6
5 10 26 18 43 13 10 27
6 2 4 6 7 2 1 2
13 9 9 16 19 12 6 12
18 14 11 3 19 3 1 10
18 15 16 20 23 12 1 0
8 12 30 2 41 28 11 8
17 8 18 5 19 7 12 15
34 5 10 18 41 1 20 25
0 11 11 17 19 9 5 7
36 40 30 46 53 15 41 18
0 3 2 3 5 2 3 2
37 30 17 2 41 22 7 12
8 2 7 26 47 43 44 16
0 10 9 2 11 1 7 6
19 22 26 37 47 26 44 5
6 32 9 23 37 26 31 6
4 6 7 5 11 8 5 9
38 50 14 53 59 46 19 14
6 18 8 7 31 27 24 19
4 7 3 9 11 2 8 1
18 49 44 41 53 50 35 50
4 11 3 1 13 6 2 9
0 1 0 1 5 1 4 2
4 5 6 6 7 4 6 1
12 17 27 15 29 13 6 17
2 4 5 9 11 1 8 8
15 9 21 16 23 2 12 6
14 7 11 16 17 5 1 5
21 2 26 7 37 3 28 28
6 3 13 4 19 10 7 5
48 22 34 14 53 4 20 47
21 13 7 5 29 23 25 22
8 10 24 7 29 10 1 5
33 48 22 50 53 19 23 8
2 1 4 0 5 1 3 2
1 4 10 3 29 26 13 7
6 37 56 56 59 23 0 29
6 46 16 46 47 2 25 1
6 10 9 10 37 9 22 27
47 44 50 0 53 2 18 43
46 42 5 3 47 0 3 31
15 18 4 10 19 11 1 6
13 35 6 3 43 27 37 15
23 12 17 10 29 15 2 24
6 6 0 2 17 4 2 8
6 16 20 19 23 6 15 10
22 43 26 31 47 44 8 9
6 2 34 11 41 31 9 19
16 27 19 16 31 18 6 19
4 2 5 6 7 4 0 0
13 10 24 6 37 11 9 2
8 13 4 6 23 21 4 17
20 22 38 29 41 27 22 0
4 7 3 8 17 13 11 0
3 8 0 6 13 0 9 1
57 52 37 23 59 3 41 42
35 28 33 34 41 37 23 18
4 10 40 27 43 35 40 16
20 11 7 20 31 25 12 24
35 7 22 13 41 16 24 10
21 8 39 27 43 36 23 9
5 2 11 10 13 11 6 1
48 43 18 35 53 19 29 8
2 0 1 0 3 0 0 0
3 2 1 15 19 15 5 11
9 12 0 9 29 1 4 9
23 1 6 17 29 4 5 23
6 1 2 4 7 0 0 5
4 6 2 9 17 11 9 10
4 11 12 4 17 8 10 7
2 2 4 4 7 0 2 5
25 19 26 12 37 6 35 14
2 16 13 1 17 1 4 13
21 4 43 19 53 20 6 52
4 8 8 9 13 9 10 10
14 13 4 41 53 50 28 5
7 1 2 25 31 0 19 7
4 11 0 2 19 8 7 6
59 42 5 17 61 45 11 48
32 18 23 2 53 49 45 6
5 13 7 13 17 12 5 4
16 21 3 18 59 26 2 14
1 3 2 0 7 4 6 5
13 8 8 11 19 15 9 1
28 20 33 42 47 38 11 36
14 34 25 8 37 5 36 18
11 17 35 34 43 23 14 40
29 16 8 1 31 11 4 24
1 4 9 10 11 6 5 4
1 8 7 6 11 3 8 9
12 51 28 55 61 16 2 43
3 18 17 4 19 7 0 17
29 52 6 5 61 41 4 15
35 22 15 14 37 16 36 22
55 0 49 43 61 34 27 23
5 31 21 29 37 29 22 22
4 1 2 0 5 4 3 2
42 41 39 12 53 24 36 17
46 15 43 9 47 15 9 12
2 1 1 0 3 0 1 0
14 2 11 0 19 0 5 4
11 18 7 15 19 10 17 6
9 12 2 23 29 27 11 16
18 7 0 36 47 3 30 28
20 37 7 27 43 22 40 27
14 26 22 6 41 5 1 3
16 2 9 5 17 2 13 4
13 4 27 9 41 24 21 40
39 9 2 31 47 6 24 24
2 3 3 4 5 4 1 3
4 3 3 7 11 8 9 6
32 24 42 31 43 6 37 37
3 12 5 7 23 0 4 2
3 2 7 5 13 5 6 12
10 10 18 31 47 16 9 22
0 2 4 4 5 1 0 3
39 27 19 5 61 45 28 40
16 6 4 3 37 19 24 29
51 7 27 47 59 34 10 23
0 4 3 4 5 3 2 1
0 0 4 7 13 10 8 12
2 4 1 2 5 0 1 3
25 57 49 11 59 53 53 36
3 31 25 3 37 26 36 11
23 22 22 19 31 10 26 0
8 16 22 5 41 21 34 22
14 13 21 22 41 2 11 26
1 20 28 16 29 20 4 3
15 2 30 7 31 11 24 26
17 15 28 13 31 25 26 12
18 13 5 4 19 7 3 12
27 27 2 24 37 32 15 7
6 8 4 6 13 5 4 7
30 30 34 28 47 1 42 23
2 1 4 3 5 3 0 1
2 1 3 2 11 2 7 5
19 10 15 10 23 2 12 13
52 39 45 41 53 17 8 9
4 2 2 0 5 4 0 2
26 36 24 22 59 21 58 35
23 24 15 18 29 17 26 10
52 51 56 37 59 46 37 44
34 50 35 25 53 43 26 15
32 56 44 43 59 10 19 43
49 2 44 21 59 7 30 32
0 1 5 6 7 4 3 3
51 13 30 38 53 18 15 35
15 12 2 12 19 5 2 7
30 2 35 0 41 10 27 5
9 9 5 10 13 2 8 7
36 39 1 8 53 33 26 38
4 3 3 1 5 4 2 1
0 25 31 26 37 29 5 19
28 27 51 58 61 2 59 32
5 0 6 2 7 3 0 3
9 10 29 21 37 15 24 28
9 1 12 12 13 7 4 0
54 20 12 14 59 53 46 57
42 13 1 55 61 37 34 16
5 25 21 6 29 14 12 25
2 4 16 3 19 13 17 12
27 14 20 31 41 13 25 28
2 10 29 9 31 6 2 21
17 23 22 15 43 18 10 26
9 4 11 9 13 7 9 9
22 46 13 23 47 22 40 2
4 12 14 9 17 2 3 3
13 4 3 7 17 7 5 14
44 9 0 34 61 53 58 35
18 30 29 3 37 5 0 20
20 26 27 32 37 36 30 13
2 3 4 4 5 3 3 4
4 22 8 38 41 33 4 19
3 7 1 10 11 5 1 1
17 16 49 24 61 6 37 40
13 3 16 17 19 10 16 2
18 11 4 18 59 38 52 6
1 33 27 25 43 21 24 27
24 26 17 2 43 25 12 9
21 18 0 13 37 26 20 21
4 2 14 8 19 6 12 16
7 20 1 4 29 7 12 15
15 27 5 39 43 35 21 6
5 4 1 6 7 5 3 2
2 3 4 5 7 6 2 4
13 4 9 5 19 4 3 3
2 2 1 1 3 0 1 2
32 44 13 7 59 41 41 13
4 3 1 2 5 0 4 2
0 1 1 1 3 2 2 2
26 43 25 44 47 0 44 22
53 16 12 6 61 57 42 9
2 2 0 2 3 2 1 1
3 4 1 11 23 18 14 0
0 20 20 34 43 33 5 41
28 30 8 3 31 13 0 14
23 35 29 15 47 8 27 41
14 24 28 40 41 2 7 25
5 1 4 6 11 0 5 10
39 0 47 15 61 23 50 48
9 6 7 7 11 2 9 5
19 33 15 15 43 36 40 23
28 24 27 7 43 38 19 0
28 18 42 50 53 39 25 4
24 21 26 34 41 24 23 6
17 22 7 19 31 14 26 28
10 10 6 0 17 12 3 16
5 6 18 9 19 8 1 11
24 19 0 4 31 15 4 9
12 35 5 24 53 25 19 7
42 47 27 29 53 25 13 9
6 0 11 8 19 4 0 2
3 6 2 2 7 5 4 4
3 2 4 4 5 3 2 0
32 10 10 37 41 32 36 21
5 11 11 2 61 7 32 60
2 7 7 10 13 10 8 5
1 16 34 56 61 14 38 2
11 4 7 6 19 8 6 3
2 40 29 46 47 0 41 14
10 2 1 7 11 8 9 6
3 6 6 0 13 8 8 4
25 25 55 4 61 41 37 20
7 52 43 48 61 7 8 43
10 0 4 0 17 2 3 0
8 3 5 2 13 0 3 3
0 2 3 0 5 0 3 0
21 9 15 7 47 32 32 3
7 13 6 36 41 23 24 9
3 15 12 13 41 35 22 12
6 2 7 2 13 2 0 11
5 4 27 44 53 46 30 18
23 49 6 28 61 31 54 6
7 9 6 3 11 3 1 5
0 0 8 10 13 6 9 5
55 37 18 44 61 4 35 40
26 27 38 46 47 46 25 2
8 8 6 2 11 4 6 9
50 7 28 8 61 47 59 35
41 29 11 6 61 54 51 4
2 3 8 20 61 33 37 30
2 2 5 12 17 3 6 13
8 22 17 19 31 0 13 21
35 34 29 22 37 34 14 8
2 8 6 6 11 8 6 5
8 11 15 16 19 18 0 11
39 24 10 29 43 40 4 10
23 6 14 11 37 2 30 2
11 37 4 17 47 24 44 3
16 34 4 15 41 9 5 21
16 12 1 8 19 14 3 13
3 8 10 21 59 15 35 0
36 19 6 38 47 37 23 37
0 28 2 28 31 22 29 3
6 6 9 1 23 2 21 19
7 4 3 14 19 7 1 0
2 6 10 12 13 12 4 12
14 21 21 49 53 48 34 5
11 13 4 3 19 11 1 4
4 4 16 2 17 3 6 2
4 7 2 10 13 7 6 9
0 3 5 0 7 1 6 2
14 5 43 42 61 43 16 24
1 1 0 4 5 4 3 0
0 2 2 1 7 0 0 5
24 25 4 28 31 2 0 21
17 16 19 20 37 31 5 8
17 5 14 22 41 15 33 31
3 0 4 7 11 0 9 2
17 26 27 14 31 0 12 30
19 15 17 8 29 25 27 15
29 29 50 27 61 30 52 40
2 0 0 1 3 2 2 0
17 0 10 28 37 0 26 36
15 32 1 7 61 14 18 28
1 0 0 0 3 0 2 0
3 5 2 1 11 0 0 7
6 2 19 30 37 18 0 28
30 32 4 23 41 32 9 21
34 20 39 43 53 14 16 31
9 30 36 3 41 24 38 40
33 6 23 13 43 20 12 18
6 1 3 1 7 0 5 6
0 2 6 6 7 1 3 3
6 5 0 4 7 6 2 5
41 25 12 32 53 50 46 42
2 1 1 1 3 1 0 2
34 33 42 26 53 0 20 21
14 4 2 6 19 10 12 2
19 15 16 23 31 0 10 23
34 21 59 46 61 58 30 44
0 0 2 1 3 1 2 2
12 2 6 15 17 10 7 7
27 6 2 26 37 2 19 32
23 15 20 47 61 9 3 36
0 13 30 46 59 41 19 31
5 13 38 20 43 8 25 1
45 47 11 59 61 41 18 26
8 5 7 10 11 9 10 5
4 30 26 30 31 16 1 1
10 49 9 54 61 27 6 53
36 5 5 1 53 51 37 0
43 26 40 30 47 29 18 19
10 19 4 14 41 6 22 12
35 10 22 28 53 40 39 20
9 19 18 14 29 25 22 14
10 54 58 36 59 42 40 31
2 9 3 10 11 10 7 8
1 8 33 24 47 30 25 27
4 9 5 7 11 3 6 6
7 29 38 47 59 27 40 47
57 18 46 21 61 3 10 8
23 17 14 2 37 30 11 3
7 30 25 9 43 42 4 31
27 19 12 19 53 30 14 34
5 5 1 0 7 6 3 1
7 16 30 32 41 36 22 11
33 27 22 37 59 33 57 27
25 33 27 2 41 34 14 22
6 5 5 5 7 0 3 2
52 39 18 21 59 22 5 31
2 3 6 1 11 7 6 10
36 10 46 44 61 23 54 2
5 2 22 23 53 37 51 16
20 7 48 44 61 22 51 37
2 2 1 1 3 0 1 2
29 39 14 13 41 7 40 13
3 12 9 25 31 22 28 1
19 17 9 28 31 12 7 7
9 0 10 4 13 9 10 9
6 2 5 1 13 8 3 1
57 18 46 43 59 51 7 40
34 5 12 13 37 32 0 23
48 50 31 40 61 24 52 23
5 3 2 5 17 8 1 0
1 13 16 20 43 15 18 2
13 40 29 19 43 25 17 19
10 10 57 17 59 11 37 50
4 8 24 13 31 5 5 15
0 4 6 2 7 0 5 0
16 32 4 11 37 1 27 32
46 13 20 8 47 29 32 15
3 0 0 2 5 2 3 0
41 27 28 52 53 22 20 6
6 11 9 8 17 15 3 3
47 35 18 45 53 2 4 5
14 18 7 12 19 11 3 5
6 14 12 21 37 29 7 28
10 9 0 12 13 6 4 10
34 7 19 12 43 25 14 15
12 35 21 59 61 27 8 57
44 20 25 12 47 18 27 2
28 0 21 39 59 1 29 14
0 6 5 0 7 3 4 3
2 3 1 4 5 1 3 3
10 3 21 21 23 4 0 5
46 44 27 40 47 39 45 23
50 30 7 56 59 48 24 27
26 7 17 23 29 13 11 5
10 18 15 17 19 16 10 1
11 21 4 7 31 13 20 23
0 11 18 16 19 8 7 5
2 2 1 8 13 2 7 2
9 13 3 0 19 18 8 5
2 2 16 3 43 42 34 8
