1
0
100011000100001110010001110110011010001111110010100011001110
100010000111001000111011001101000111111001010001100111010101
0
0
001110100101101000101011111001110110010110101011010000100010
010110100010101111100111011001011010101101000010001000111001
1
1
100010110111111100011000101110111011110111000111111000110010
111111111111111111111111111111111111111111111111111111111111
1
1
101001101000101101001101101010110100100010001010101001001100
111111111111111111111111111111111111111111111111111111111111
1
1
110011111101010011101000001010000100001001111000111001111010
111111111111111111111111111111111111111111111111111111111111
1
1
100011100010110100101011010110010000001001000011011111111010
111111111111111111111111111111111111111111111111111111111111
0
0
100001111000011110101100010010111011100101001100100010100000
100001111010110001001011101110010100110010001010000000001110
0
0
000011101111001101101100100011001011011110011110000001010100
111100110110110010001100101101111001111000000101010001110101
0
0
010001110100001001011000101111111100100111001110001010000111
010000100101100010111111110010011100111000101000011100111100
0
0
110111110011011110111100101101001001111010010110010101011000
001101111011110010110100100111101001011001010101100000100001
0
1
111100001011100010100111100011111010111111110101111111110011
111111111111111111111111111111111111111111111111111111111111
0
0
100100010010100110100011000001011110100110100101100010001111
001010011010001100000101111010011010010110001000111110011100
0
0
000110011110111000001010010110011111001000110001001011001001
111011100000101001011001111100100011000100101100100101100001
1
1
100111010000011011000011000110011011010000000011111001111000
111111111111111111111111111111111111111111111111111111111111
0
0
011100110110011010110011000001100110111000100011010100000011
011001101011001100000110011011100010001101010000001100100011
0
1
000100101000100000110100010100100100001110011000000101010011
111111111111111111111111111111111111111111111111111111111111
0
0
100000011010111101100100111011110001111111111010111010011101
101011110110010011101111000111111111101011101001110111000010
1
0
001100101100101101110011111111011000011010000110011111011000
010110010110111001111111101100001101000011001111101100000111
0
0
010010001100000100001110010110011011111011110010011000001100
110000010000111001011001101111101111001001100000110010110110
1
0
101000111101111000101101001101011111011010110110011100001101
011110111100010110100110101111101101011011001110000110111001
0
0
001110011111011100111000111001101101000000001001111010111000
111101110011100011100110110100000000100111101011100000101001
0
1
000110100000000101100011111101110000100111000000011011000000
111111111111111111111111111111111111111111111111111111111111
1
0
110111110010000111001101101101100111010111101000110001000110
111001000011100110110110110011101011110100011000100011001000
1
0
100001001001000001100101100111011001000110001111010101000110
100100100000110010110011101100100011000111101010100011001000
0
0
011110001001111110101110011100101100100000000010000001110001
100111111010111001110010110010000000001000000111000100010101
0
0
001010010111001101100100111001111100011010101001111010111011
011100110110010011100111110001101010100111101011101101101101
0
1
101111010111111110110011110000110101001110100100011001001000
111111111111111111111111111111111111111111111111111111111111
0
0
101000001010011111010110101010011010001010110011101101111100
101001111101011010101001101000101011001110110111110010011010
0
0
101110000001011010111000000110100011001111001110110011101000
000101101011100000011010001100111100111011001110100011100110
0
0
111110001011110111000110011100011111000100010011001110000101
101111011100011001110001111100010001001100111000010101011011
1
1
100010011010010001110110100001001100100100111011110110111110
111111111111111111111111111111111111111111111111111111111111
0
0
100011000101011010001011001100011111000000000100111011000111
010101101000101100110001111100000000010011101100011101111000
1
0
101011101011001010011100100000101101111111111000100011001101
110101100101001110010000010110111111111100010001100110101001
0
0
101010001101000011010011001110010001110011100000111011101000
110100001101001100111001000111001110000011101110100001110110
1
1
011110011010011011000010110001010101001111101000100010001011
111111111111111111111111111111111111111111111111111111111111
1
0
001101100010101111101111011000110111100111100101101011010010
110001010111110111101100011011110011110010110101101001000010
1
0
101000001111011001011010010000000010001110110000100101010101
000111101100101101001000000001000111011000010010101010110101
1
0
011001011110101111010001111111111001011000111001010001110100
101111010111101000111111111100101100011100101000111010001110
0
0
000010100111011100010001100101101010110010100100010000000011
011101110001000110010110101011001010010001000000001111011000
0
0
101100100111011000000000110000110110010000101100111000100001
011101100000000011000011011001000010110011100010000111011110
0
0
100101000010111110010011101100111101001000000001011000001011
001011111001001110110011110100100000000101100000101111010010
0
0
100110010011011110100101001111101011100000110100111001101011
001101111010010100111110101110000011010011100110101100000100
0
0
011010001110001101100010011100001011011010000111100010111110
111000110110001001110000101101101000011110001011111011100000
0
1
001000100000011111010010110100010110100100101111100001001111
111111111111111111111111111111111111111111111111111111111111
0
0
111110001010011101101111111101111001101000000100001110010000
101001110110111111110111100110100000010000111001000010111010
0
0
101101100010111101001101110011010111100001111101100000111100
001011110100110111001101011110000111110110000011110001000011
1
0
011011101100011100110011001011010110101100100101011011001110
110110001110011001100101101011010110010010101101100111011011
1
0
110100001110100000000010000110101100110011101111000000000111
000111010000000001000011010110011001110111100000000011100101
0
0
101000111101010000011001111011111000110011011010001100111010
110101000001100111101111100011001101101000110011101000001010
0
0
000011000011000110110110100001111111110111110100111000101011
001100011011011010000111111111011111010011100010101100110111
0
0
100000111100000010010101000111011000101000101111000101101110
110000001001010100011101100010100010111100010110111010010110
0
0
101010110101100111011001111000000111010011100011101101010110
010110011101100111100000011101001110001110110101011000001001
1
0
110001001010000001000011110101100011011111100010000011110100
100101000000100001111010110001101111110001000001111010010110
1
0
110001010101010110111101100001111001111001110101101110101010
101010101011011110110000111100111100111010110111010101010011
1
0
010100001011110101110011100100110000001001101010011101011000
000101111010111001110010011000000100110101001110101100010001
1
0
011100001011011010001001000000000010001101110001111010000100
000101101101000100100000000001000110111000111101000010011101
1
0
001001010011101110101000100000100010001010100111100111110111
101001110111010100010000010001000101010011110011111011101001
0
0
010000010000001110101100110111111101000100000110110101110011
000000111010110011011111110100010000011011010111001110000000
1
0
111011101111010010110110000101000001011110111001011110001110
110111101001011011000010100000101111011100101111000111001111
0
0
110101011000000000001101111110101011110100110001001001000001
100000000000110111111010101111010011000100100100000101000111
1
1
011011100011010010101110011010111111100111110011101101001011
111111111111111111111111111111111111111111111111111111111111
1
0
011101000111111010010001101110101110011001101110110101111000
100011111101001000110111010111001100110111011010111100001100
1
0
011000011100010001010001100101111111010111110110100010100010
001110001000101000110010111111101011111011010001010001000000
1
0
110100111010001111110111000100100010011111010001111001010001
011101000111111011100010010001001111101000111100101000110110
0
0
110111100000010001001110011101010101011011010010011000111110
000001000100111001110101010101101101001001100011111001101101
1
0
001001110111011101001100110011010100110111100011111000101011
111011101110100110011001101010011011110001111100010101110011
0
1
100011011000001100001000010110101111000001110101001111000111
111111111111111111111111111111111111111111111111111111111111
1
0
111001000111010000100100110010000110011110000101101111100110
100011101000010010011001000011001111000010110111110011010100
1
0
111101101001011101101001001001001111000010111011101000111001
110100101110110100100100100111100001011101110100011100111010
0
0
000110000010010000011010111111100010011100100111110001010101
001001000001101011111110001001110010011111000101010100101101
0
0
110011000110100110000010011010111100110000111001110111101010
011010011000001001101011110011000011100111011110101010000110
0
0
000101101100001001011100011111001011000010000110001010101111
110000100101110001111100101100001000011000101010111110011101
1
0
000110111010101000111001111101011011111111001101100101000101
011101010100011100111110101101111111100110110010100010111100
0
0
101111001101000001011001101000011100100000011000111000001011
110100000101100110100001110010000001100011100000101110000000
0
0
001101000101001011000001001001110110101000000000111100101101
010100101100000100100111011010100000000011110010110100100111
1
0
100100101011111100101100011110010010110000011101101011000110
010101111110010110001111001001011000001110110101100011010101
0
0
101101110001010110001010010010010100011101010110001101110001
000101011000101001001001010001110101011000110111000110100010
0
0
111001100000000000101011001100111000011101001100101000110011
000000000010101100110011100001110100110010100011001101011101
1
0
111010110001011100000111010010010010000011000101000100011000
011000101110000011101001001001000001100010100010001100000110
1
0
110010101010001000111000111111111101100001100101101111001000
010101000100011100011111111110110000110010110111100100010000
0
0
001001101100101010000000110010101010101001010100001000100010
110010101000000011001010101010100101010000100010001011101001
0
1
101010111011101001101011011010001110101111000101110101101001
111111111111111111111111111111111111111111111111111111111111
1
0
010111001000100111100000011101000110111101111010101000001000
100100010011110000001110100011011110111101010100000100000010
1
0
011111101100100010101100010011011100111110011011101011011001
110110010001010110001001101110011111001101110101101100110011
0
0
010010100101001101111001011100011010000110000010101110111000
010100110111100101110001101000011000001010111011100010110101
1
0
111001001001000010110111111110010001001100001110110001000111
100100100001011011111111001000100110000111011000100011100001
1
1
100000111100000010101011100111011111111010100000011110111100
111111111111111111111111111111111111111111111111111111111111
0
0
010100010110101111101111011000000011000011000001110110010011
011010111110111101100000001100001100000111011001001110000010
0
0
100110011000101010111110110001101011110110110111111111010010
100010101011111011000110101111011011011111111101001001001111
1
0
001111000110001000000111011001010100011011000110110101111111
100011000100000011101100101010001101100011011010111111111101
1
0
101011011001011101010100100011111101001101000111111010110011
101100101110101010010001111110100110100011111101011001101100
1
1
100110011110010111100101000111100000000000100011101101101010
111111111111111111111111111111111111111111111111111111111111
1
0
011011010100010110010101001011000101100011111010100011011011
101010001011001010100101100010110001111101010001101101100000
0
0
110011011100100110101100101100110001110001000010010000011111
110010011010110010110011000111000100001001000001111111010010
1
0
110011001010111100101010010110001010011111010000000110111001
100101011110010101001011000101001111101000000011011100100100
0
0
000011001011101110101011110001101100011111011011011100010110
101110111010101111000110110001111101101101110001011010101111
1
0
111110011110100000101100001000010011101000010110100001011110
001111010000010110000100001001110100001011010000101111010101
0
1
101100001010001101001011000000011101110000001111101001000110
111111111111111111111111111111111111111111111111111111111111
0
0
000010101010110010011111011001101101010100111001110101100101
101011001001111101100110110101010011100111010110010110010011
0
0
110101110101110110010101100011111111110010101110011000010101
010111011001010110001111111111001010111001100001010110111011
0
0
011010001000010101111110111110000110110011001110101001010101
100001010111111011111000011011001100111010100101010111100000
1
0
101100110110110111011000011001101011011110001110001001111001
011011011011101100001100110101101111000111000100111100110011
0
0
110011010011111000001011001011001000100100111111110010101000
001111100000101100101100100010010011111111001010100001010100
1
1
010111111101100110010101000110001101101011111010010100000101
111111111111111111111111111111111111111111111111111111111111
1
0
110100100100001001010101000100101111111110100100010011001110
010010000100101010100010010111111111010010001001100111001100
1
1
001011111001011111101010010100011001011010111000111111100001
111111111111111111111111111111111111111111111111111111111111
0
0
001010001110011001000011100011000000100011010000100001011111
111001100100001110001100000010001101000010000101111111001111
0
0
010100001011011011010110001010011100010000111011000011001001
101101101101011000101001110001000011101100001100100101101011
0
0
011000111100101100100110000001101111010001110011000001100000
110010110010011000000110111101000111001100000110000011101011
1
0
000100000011100100010001100011101111001010000110111100010000
000001110010001000110001110111100101000011011110001000011001
0
0
010010100010100101110110010100001111100100010101001101111011
001010010111011001010000111110010001010100110111101110001010
1
0
110000011001110111011111010010010010101100010000111110101001
001100111011101111101001001001010110001000011111010100111001
0
0
010111110001011010110000100001101111101001100111010100001111
000101101011000010000110111110100110011101010000111111001100
0
0
000010110100001011110100000111111101110111101110101111000000
010000101111010000011111110111011110111010111100000000011111
0
0
111000010101000111000100010111011100011111011111011011111110
010100011100010001011101110001111101111101101111111011010111
1
0
000100101111000110010001111101110100111000010111001101111100
010111100011001000111110111010011100001011100110111110010011
1
0
011111110111010000110110100001010111001011100000100011101110
111011101000011011010000101011100101110000010001110111000110
0
0
100100100010011101101011101010110000111110001001010001100011
001001110110101110101011000011111000100101000110001101000001
0
0
111000101011000000000110011001000001011111111100001101110110
101100000000011001100100000101111111110000110111011001011000
0
0
101111100011001111001001011010000000110101011100001001111001
001100111100100101101000000011010101110000100111100101011010
0
0
110001101000111001010001110101111110110001000001000110110011
100011100101000111010111111011000100000100011011001100001111
0
0
101110011111110010101110001000100100011111001100100001100101
111111001010111000100010010001111100110010000110010100101000
0
0
010100101011100110100110011111000001111100100011100101001101
101110011010011001111100000111110010001110010100110101010110
0
0
111001001001001110101101011001000001101011001100000101000011
100100111010110101100100000110101100110000010100001111100110
1
0
110011100100010101100000100100001010100111111110000001011111
110010001010110000010010000101010011111111000000101111110001
1
0
001010111111111010011110100110111010010101111000101100001111
011111111101001111010011011101001010111100010110000111110100
1
0
001110111001111111001111011101111101111001010001011010010100
011100111111100111101110111110111100101000101101001010001001
0
0
011101101000010111000100100111010001000011001100110000110000
100001011100010010011101000100001100110011000011000010100101
1
1
111111001011001000110111110100110111011000100101010110001111
111111111111111111111111111111111111111111111111111111111111
0
0
111111111001000110000100011100011100000110010001101011100111
100100011000010001110001110000011001000110101110011110111111
0
0
010100001101011010111101111010110011001010101000011001001001
110101101011110111101011001100101010100001100100100101011001
0
0
010011011110010111010111011101000101110011011000100001010110
111001011101011101110100010111001101100010000101011001100101
1
1
000111110100110011111000111111110110111101000101100010111000
111111111111111111111111111111111111111111111111111111111111
0
0
011111000010010110000000001000010101010011001011011101000111
001001011000000000100001010101001100101101110100011111101100
0
0
101110010100111100000000101010100010011010110100111000110100
010011110000000010101010001001101011010011100011010000001010
1
0
110111011100101101101101101100001111111010010011101011010010
101110010110110110110110000111111101001001110101101001000000
1
0
110011010100101100010100110011101011011001111010001010000011
101010010110001010011001110101101100111101000101000001110101
0
1
111100000000111101001011110011001100001110011000101100010110
111111111111111111111111111111111111111111111111111111111111
0
0
011100111111111010000011111001100111010000110011011001100011
111111101000001111100110011101000011001101100110001101010001
0
0
111110100110101011111101101010011110000011111101111011000110
011010101111110110101001111000001111110111101100011000001111
1
0
111110111001010111010010110101110000111001001001100110110011
011100101011101001011010111000011100100100110011011001110000
0
0
110010001111111100100011001110101100010001000000010110111000
111111110010001100111010110001000100000001011011100001010001
1
0
101111011111100010101111110111101010000011010001001110111111
101111110001010111111011110101000001101000100111011111111000
1
0
110001010111010010101110001010011010110100001111110001010111
101011101001010111000101001101011010000111111000101011111110
1
0
010001010011011000001010110001111111001110011010000101000010
101001101100000101011000111111100111001101000010100001010010
0
0
000110100001000101010100110111010011011001110111110110110111
000100010101010011011101001101100111011111011011011111101011
1
0
011100000001110011011000011100011111101001001100001101100100
000000111001101100001110001111110100100110000110110010011100
1
0
110010000111001001110010010001010100000111100111011001101100
000011100100111001001000101010000011110011101100110110010011
1
0
110001110010000110110000010000101010110001111111000001011111
111001000011011000001000010101011000111111100000101111110110
0
0
001001000000001000110000100010010010011001101000101011000011
000000100011000010001001001001100110100010101100001111000101
1
0
110111101101011111110001111110100000000011111001111110011011
110110101111111000111111010000000001111100111111001101100101
0
0
001001101001111101110001000011011000110011101010111101111101
100111110111000100001101100011001110101011110111110111001101
0
0
010010100010000111100100110001100101100000110001111110100011
001000011110010011000110010110000011000111111010001111011101
0
1
011001000110101111010111010001011010111100111100110000000110
111111111111111111111111111111111111111111111111111111111111
0
0
100001000101001000010010100111110110001110001110000001010100
010100100001001010011111011000111000111000000101010001110100
0
0
110100101111100010010010101111001010100011101100010111110100
111110001001001010111100101010001110110001011111010001110010
0
0
100011100100101001110111011001010110000110000111100100000100
010010100111011101100101011000011000011110010000010001100010
0
0
011111011111101000111011011001001111111110110111010111101101
111110100011101101100100111111111011011101011110110101111110
0
0
010011001011010100110001110010011000001101110010011100000110
101101010011000111001001100000110111001001110000011010111101
0
0
100001100111101100110100001010100011100100010110011111011110
011110110011010000101010001110010001011001111101111011001010
1
0
110000010110101000101010111011011100000101001111010001101001
001011010100010101011101101110000010100111101000110100110110
0
0
011000001000000011111110110110010010100010110100010011101000
100000001111111011011001001010001011010001001110100000011000
0
0
111011001110010010110111101011101000011101110011000000100100
111001001011011110101110100001110111001100000010010000110011
1
0
000001100101000011010111010110100101010011000011010111011011
110010100001101011101011010010101001100001101011101101111010
0
0
111001110110110011011010001001001010011100111110010011010010
011011001101101000100100101001110011111001001101001000111111
0
0
110110010000011011000000110101100100000111101100000111101101
000001101100000011010110010000011110110000011110110100010110
0
1
011101011011010111101100111100100000101001110000010100110000
111111111111111111111111111111111111111111111111111111111111
0
0
010111111111110011000000101100001111000011100011000011011110
111111001100000010110000111100001110001100001101111010100101
1
0
010000000010110111110110110011001001000101111100010100000000
000001011011111011011001100100100010111110001010000000011101
1
0
111111011000110101111010001010110000010101110010011000001111
101100011010111101000101011000001010111001001100000111110101
1
0
001011100011001001010100001110010000100100001101001110011001
110001100100101010000111001000010010000110100111001100100100
0
0
110100000001111000100110111011100010001001101001000110100010
000111100010011011101110001000100110100100011010001011110100
0
0
110011100101011000010110110000110100100010010000101011100010
010101100001011011000011010010001001000010101110001011010110
0
0
010000110010111001001011110110001011100011001101110111011011
001011100100101111011000101110001100110111011101101101011111
1
0
101000101010011000110111001100110010101101001110011110010100
010101001100011011100110011001010110100111001111001010011110
1
0
100101100000100100101111101100111010110110010101100000001111
110000010010010111110110011101011011001010110000000111111011
1
0
111100000111110001010100011111000110110001001010010011110010
000011111000101010001111100011011000100101001001111001000110
0
0
111011100000001000100111100001110110000010111011101001001110
000000100010011110000111011000001011101110100100111010001010
1
0
111111001010000100011100111010110100011110100000111011000000
100101000010001110011101011010001111010000011101100000001100
0
0
000000001111101101000100011110110111010001010011111000000001
111110110100010001111011011101000101001111100000000111011111
1
0
000001110000111000010101001100010000000001001010101001101010
111000011100001010100110001000000000100101010100110101000100
0
0
101000101101101100011010111011001110001000001111011100001001
110110110001101011101100111000100000111101110000100101111010
0
0
000100011010000011010000001101000111110000110110100111001110
101000001101000000110100011111000011011010011100111011001001
0
0
100010011000101011011101111010110111100001101010011000011111
100010101101110111101011011110000110101001100001111111000011
0
0
010010011000001001100000001010111101010110011100101100011000
100000100110000000101011110101011001110010110001100010001000
1
0
111101101000010110010011011000100101111100001000001110011010
110100001011001001101100010010111110000100000111001101001110
0
0
111011101010001101001111001110001110010010110011100010111111
101000110100111100111000111001001011001110001011111111000111
0
0
010110011111000001101111110111111100011100001110100100110010
111100000110111111011111110001110000111010010011001010010011
0
0
000010100001010111101000000110001111110100000010101010010101
000101011110100000011000111111010000001010101001010101100001
0
1
000001101111011111111001000101011101000011001110000001011001
111111111111111111111111111111111111111111111111111111111111
0
1
010000110100110010100100110010101110011101110010111100101000
111111111111111111111111111111111111111111111111111111111111
0
1
111001010100101101111011100111101001100110101000001110110000
111111111111111111111111111111111111111111111111111111111111
0
0
110111100100000100101100111100001110011010110001011011011000
010000010010110011110000111001101011000101101101100001000100
1
1
101101000110100011110100101110011001001101000010110011011110
111111111111111111111111111111111111111111111111111111111111
0
0
100111000001001110100110001000011111010011010010110001111011
000100111010011000100001111101001101001011000111101110001110
0
0
101110010011111100000111010010001000100011111001001111010011
001111110000011101001000100010001111100100111101001111001010
0
0
110100110000011011100000011101010111111101000011001100000100
000001101110000001110101011111110100001100110000010011001101
0
0
011100010100000110010011001001010111011110100111000010111001
010000011001001100100101011101111010011100001011100101011011
0
0
010111111010010000100010100110100010110110001011111110110011
101001000010001010011010001011011000101111111011001101000010
0
0
101110100010100111111111100100001000101011111111111011001100
001010011111111110010000100010101111111111101100110010010001
0
0
001111011110010110001110011011100010000001001010000100001111
111001011000111001101110001000000100101000010000111110001010
0
0
100101001100111100000100010110111100011000010000000110000111
110011110000010001011011110001100001000000011000011101111110
1
0
110110011010100111011001101101010110111010100010011010011000
001101010011101100110110101011011101010001001101001100010100
0
0
011101101011010101010011110110001111000110011110001010000011
101101010101001111011000111100011001111000101000001100100011
0
0
001010100001010101110100001111110111001111001110011110110111
000101010111010000111111011100111100111001111011011110010110
0
0
001011111111110010000001010001010110001000010001010010101010
111111001000000101000101011000100001000101001010101000100101
0
0
001100000000101110011111011111000010010110010010001101101101
000010111001111101111100001001011001001000110110110100100000
1
0
000100110010100010101000011000111001110000100010111010010011
011001010001010100001100011100111000010001011101001001111101
0
1
101111011100111000011000001100001011010010000110011110010100
111111111111111111111111111111111111111111111111111111111111
0
0
011101010011101101000010110100000110001000101011111001110010
001110110100001011010000011000100010101111100111001010100101
1
0
100010011101100101001011011100111000101010111010100001001110
001110110010100101101110011100010101011101010000100111011110
1
0
111101111010010100101010100001011011000100101010101100111100
111101001010010101010000101101100010010101010110011110010011
1
0
101001011110000111011100001000111100010000010010111100010100
101111000011101110000100011110001000001001011110001010011100
1
0
100010101000111101000001100001011000111010011101000000000001
010100011110100000110000101100011101001110100000000000110011
0
0
010110111111000000110001110101011110100000000101010101011001
111100000011000111010101111010000000010101010101100100101011
1
0
111100010000010110101101100111100100011000110101001010101111
001000001011010110110011110010001100011010100101010111110000
1
0
011001001001010010101111010000000010111000110101111100110110
100100101001010111101000000001011100011010111110011011010000
0
0
010101110110000011001111010111111101010000010000110110010111
011000001100111101011111110101000001000011011001011100010011
0
0
101111001010101001001111010101010110000000001101001111001110
101010100100111101010101011000000000110100111100111011011100
1
0
101101101100011101010111110010010100000100111001101110000101
110110001110101011111001001010000010011100110111000010110100
0
1
100111100111100100111110001010111001100000111111110101001011
111111111111111111111111111111111111111111111111111111111111
0
0
000100101101011010111010110010011110000100000001010000101010
110101101011101011001001111000010000000101000010101000001101
1
1
010110110001000001100111001010011101101101010011011100001110
111111111111111111111111111111111111111111111111111111111111
0
1
011110010011001011101110100110010100011111110111000101100001
111111111111111111111111111111111111111111111111111111111111
1
0
100000101010000010100011100101100100110011000101110100000011
010101000001010001110010110010011001100010111010000001111100
1
0
101111101001001000111001001111001000011100010001011101000010
110100100100011100100111100100001110001000101110100001001111
1
0
010011111001011111110110001001100011010001001011001010000001
111100101111111011000100110001101000100101100101000000100010
1
0
001000000100110100100101010010000000011110100111011000010111
000010011010010010101001000000001111010011101100001011111001
0
0
100010100100110110001011000001110111110001110111111011101011
010011011000101100000111011111000111011111101110101110000110
0
1
110100101111101010000101100010010010001010000100111111010111
111111111111111111111111111111111111111111111111111111111111
1
0
101110100000110010001010011110100000110110000010001110010001
010000011001000101001111010000011011000001000111001000111111
1
0
001101111111111011010000010100011000110100011000011011011000
111111111101101000001010001100011010001100001101101100000110
1
0
111010010001001000101000110111001110010111000001111000011001
001000100100010100011011100111001011100000111100001100101010
1
0
001101011101011111110000100101110001111000101000110000000000
101110101111111000010010111000111100010100011000000000001000
0
0
011000001011010011011101010010001110100000111011000011110011
101101001101110101001000111010000011101100001111001111101001
0
0
110000100010100001001001000110000000111100001001100110010000
001010000100100100011000000011110000100110011001000011000010
1
1
011101001101001110011101111010110101100010111110011111101111
111111111111111111111111111111111111111111111111111111111111
0
0
111110111000000001011111111010010110101001011010010111110111
100000000101111111101001011010100101101001011111011100111011
0
0
011110011101010011000111011010000001001100011110111011001000
110101001100011101101000000100110001111011101100100011011001
0
0
101011010011110011001000000000011010010100001100011111011100
001111001100100000000001101001010000110001111101110010011100
1
0
001110011100011011000001111001001010111000001000110000111011
001110001101100000111100100101011100000100011000011101101011
1
0
101011100110111111000101111011001101001010011011010111001011
110011011111100010111101100110100101001101101011100101100100
1
0
111001011011011101111110110000000001101101011111011111001001
101101101110111111011000000000110110101111101111100100100111
0
0
001001101001110011001111001100011110111111110000010011110110
100111001100111100110001111011111111000001001111011001101000
0
0
111101001101110011110010111100101011110100001111000101100101
110111001111001011110010101111010000111100010110010101011001
1
0
001111001010111010111111101100001001010101110001001111000110
100101011101011111110110000100101010111000100111100011011101
0
0
100100001011100100000101111111111110001010101001000000110100
101110010000010111111111111000101010100100000011010011000011
1
0
010000011110001001101110110010000010100001000111001001010100
001111000100110111011001000001010000100011100100101010010011
0
0
100100101110101101001111111110100001111101001000111101010001
111010110100111111111010000111110100100011110101000101011011
1
0
101101101000101011001001100100111010101111000110100110011001
110100010101100100110010011101010111100011010011001100100011
0
0
111000101110100110000001110010011011011001101100000111110100
111010011000000111001001101101100110110000011111010001011010
1
0
000110000011011111111001111001001001001000011010101000000100
000001101111111100111100100100100100001101010100000010011011
0
1
100110111000011010110000110110011010011111100000100000011110
111111111111111111111111111111111111111111111111111111111111
1
0
001010100100101001100111010010101010110100011100011101000100
010010010100110011101001010101011010001110001110100010001011
1
0
110010111001100111011011101000001100101010001110110110011110
011100110011101101110100000110010101000111011011001111011101
0
0
001001111010111100110111001100001100100000011110000010010101
101011110011011100110000110010000001111000001001010111011011
0
0
011100110000000011100010110111000111110100110100100010001010
000000001110001011011100011111010011010010001000101011000110
0
0
111001010100001001101101000010011110001000011110011101000010
010000100110110100001001111000100001111001110100001001100101
0
0
000110100101111100100110110010010000011001011111001011110001
010111110010011011001001000001100101111100101111000111010011
0
0
010101011011100110000010111110100011110111000011111011101110
101110011000001011111010001111011100001111101110111000011111
0
0
011010010101100110000011010000101001001101011011111000010111
010110011000001101000010100100110101101111100001011101011011
1
0
001011001010101001001110100100101101011110010111000100101001
100101010100100111010010010110101111001011100010010100110000
1
0
000100011011010101000111101000101100101110101100110100100000
001101101010100011110100010110010111010110011010010000001010
0
0
011111000000100001011010010111011110100111100110000011111001
000010000101101001011101111010011110011000001111100110110100
1
0
000010001100110111110111111101010101010010001000011100001000
000110011011111011111110101010101001000100001110000100000010
0
0
100000000100000110010010100100010101010101011000101001110010
010000011001001010010001010101010101100010100111001000101001
0
0
001100100010100000011110110110000101000000101101110010110011
001010000001111011011000010100000010110111001011001101010100
1
0
111010001111101010001011111010100011011011110100010110000111
000111110101000101111101010001101101111010001011000011100011
0
0
011010010011111000111000001101000110010001111100100110100100
001111100011100000110100011001000111110010011010010000001100
1
1
000011101000011001001000111110100101010001010110111111011101
111111111111111111111111111111111111111111111111111111111111
1
0
000010110101011010001101101111111001010011101011110111001010
011010101101000110110111111100101001110101111011100101011111
0
0
000001000010110000001111001011101100001101101101100010101011
001011000000111100101110110000110110110110001010101111110110
1
0
001000100101110111100101010011101011010010011101100101110000
010010111011110010101001110101101001001110110010111000001110
1
0
110011000010111110111110101011011100001001001001001011100101
100001011111011111010101101110000100100100100101110010100111
1
0
111000010101111111010100000010110111000101001100001000101000
001010111111101010000001011011100010100110000100010100001001
0
0
111110000001110000111000000110001111001110111110110111101001
000111000011100000011000111100111011111011011110100110101111
1
0
011110001001000010100011000010000011011110010101110000010000
000100100001010001100001000001101111001010111000001000011001
0
0
011100110010110010110100001010111111000111011000010110010010
001011001011010000101011111100011101100001011001001010101101
0
0
101100000011001000101010000101100010100110000011001010110011
001100100010101000010110001010011000001100101011001100110100
0
0
110100001111110110001010010100101111000010110100101101111011
111111011000101001010010111100001011010010110111101110000111
0
0
011110000110011110111010100110011101111111010010100110001001
011001111011101010011001110111111101001010011000100100110011
0
1
001001101110100001000100110001111011010001000110011110110010
111111111111111111111111111111111111111111111111111111111111
1
0
001011011011110100111000101101011011111100110010110100010101
101101111010011100010110101101111110011001011010001010100000
0
0
010011111010011101000111100011100010001101101110110010101000
101001110100011110001110001000110110111011001010100001111011
0
0
001101100010101000001110100010010001100101001010111010110101
001010100000111010001001000110010100101011101011010101010010
1
0
101010001000110010010101111110000111001010111100100110111010
000100011001001010111111000011100101011110010011011101001010
0
0
000001100010001110100110101101111000011000110000010110111001
001000111010011010110111100001100011000001011011100111011111
1
0
101011001100100011111111001101010001101110001000010101101011
100110010001111111100110101000110111000100001010110101100100
0
0
110101000001100000100111111010110001111111010000010101111001
000110000010011111101011000111111101000001010111100110111010
1
0
101100111010011110101100011101010011011110000101110111101010
011101001111010110001110101001101111000010111011110101010111
1
0
011100000101101101010100110010001001110001100010010000111111
000010110110101010011001000100111000110001001000011111101101
1
1
000101000101100010110010000010011111111110101000100100111011
111111111111111111111111111111111111111111111111111111111111
1
0
001011110000000011111000010011111010110110000000010010100111
111000000001111100001001111101011011000000001001010011101110
1
0
110011001111101011001000111001010111000000110101100111111100
100111110101100100011100101011100000011010110011111110010001
0
0
001000001111110111001110100001010101111111110101111001001101
111111011100111010000101010111111111010111100100110111000011
1
1
101110110111111101111111101011011010100001101110110011110010
111111111111111111111111111111111111111111111111111111111111
0
0
110001100011100000001010011101010101000011011011011000000001
001110000000101001110101010100001101101101100000000101111100
0
0
010111010011010001101110101011100100011011110100011010001011
001101000110111010101110010001101111010001101000101110001010
1
0
010100111011101111111001010110011000000000101010101111010000
011101110111111100101011001100000000010101010111101000010111
0
0
101001001100101011001000010101001000011001110000001001011010
110010101100100001010100100001100111000000100101101011011111
0
0
011100100001111101000011111111000110101000111100001100000010
000111110100001111111100011010100011110000110000001011011010
1
0
110010101101100111011001111111000011101111001011110110101100
010110110011101100111111100001110111100101111011010110001010
1
0
100110100011010000101001010000100100101100100000001010110100
010001101000010100101000010010010110010000000101011010001110
1
0
101010010010110100111001001100010100110100100110110011100010
001001011010011100100110001010011010010011011001110001000111
0
0
011010111001011000111110110010000011010100001101010000010110
100101100011111011001000001101010000110101000001011010110000
1
0
000000010110011101100001110110010101001111100100110001000000
001011001110110000111011001010100111110010011000100000000111
1
0
000010001011011101010101100110010110111010100100101001100110
000101101110101010110011001011011101010010010100110011010111
0
1
010100000100111001010011001100111000110011110010111010110011
111111111111111111111111111111111111111111111111111111111111
0
0
010010111010001100000000000111110111100011011011001000000011
101000110000000000011111011110001101101100100000001101101001
0
0
100010100100111010001000110100010001111010110101010111000110
010011101000100011010001000111101011010101011100011011011001
0
0
101111001100000001100101110110111101111110101100000110001110
110000000110010111011011110111111010110000011000111010001011
1
0
111011110010110110111101001001010101001011001011000000001111
111001011011011110100100101010100101100101100000000111110111
0
0
101111110000011100110011111110011100101111100111001011001010
000001110011001111111001110010111110011100101100101010001010
1
0
111101011010101010101111101100011010001011001111010100100111
101101010101010111110110001101000101100111101010010011101101
0
0
111111110111101100000011110100110111000110000101011111001000
011110110000001111010011011100011000010101111100100001000010
1
1
001000110010111001010110101011001001011110110110100100110010
111111111111111111111111111111111111111111111111111111111111
1
1
110010110010010100000010010101101110010110011001000011100011
111111111111111111111111111111111111111111111111111111111111
0
0
000011101010001110001111100001100001001011110110010111101110
101000111000111110000110000100101111011001011110111010101111
1
0
010010111010101110100011011010110001000100001001010111100001
011101010111010001101101011000100010000100101011110000110001
1
0
100000000110100101000010010101001010110000111001000010101010
000011010010100001001010100101011000011100100001010101011001
0
0
111110110011110101110000110000001111001010001111001110010111
001111010111000011000000111100101000111100111001011110011110
1
0
000010110100100001010001001111111100001111011111011111010101
011010010000101000100111111110000111101111101111101010110010
1
0
011101000111100111010111100101100011000100111010111000010110
100011110011101011110010110001100010011101011100001011000111
0
0
011011010000010101101010000110011000001000100101110000100111
000001010110101000011001100000100010010111000010011111001010
0
0
000010001101011001000110011101111010100100000101110111011001
110101100100011001110111101010010000010111011101100101101010
0
0
110100100010100011000011111001010110111100100000100001011101
001010001100001111100101011011110010000010000101110100101000
1
0
101110100110111100111000000100011110000000111000001000110010
010011011110011100000010001111000000011100000100011001010010
0
0
010110000101011110110101001010001010000100101110011101101110
010101111011010100101000101000010010111001110110111001100001
0
0
011010011100111000001101000100011101001010101000101101101011
110011100000110100010001110100101010100010110110101100101010
0
0
100111101101111100011010101110100101100000011111000110011010
110111110001101010111010010110000001111100011001101000001010
0
0
100011101000101111101101110011110110011101101111001001111110
100010111110110111001111011001110110111100100111111001000111
0
0
100000100011000100110000001011001010101001010001100010001110
001100010011000000101100101010100101000110001000111000010100
0
0
000000000110101001101111111010000001000110010110011000100111
011010100110111111101000000100011001011001100010011110000100
0
0
111010000110010111000111000100011111111110011111001101100011
011001011100011100010001111111111001111100110110001101000011
0
0
011100000111110101011001101100000000000111001001110001111011
011111010101100110110000000000011100100111000111101101011001
1
0
111010100000110000100110011101100011011110001000110100011000
010000011000010011001110110001101111000100011010001100001110
0
0
011110110110110111111001100000000010110101110100110000011100
011011011111100110000000001011010111010011000001110011010000
0
0
101011101110010101000000011111001011101010110001011010100110
111001010100000001111100101110101011000101101010011011000101
1
0
101101010000010111100100101001101110101101101110000110000100
101000001011110010010100110111010110110111000011000010000000
0
0
011111010110110100011111111101001001110111111010101111000101
011011010001111111110100100111011111101010111100010111001101
0
0
101010000101101010110111111101010111010100000001010010010000
010110101011011111110101011101010000000101001001000000000010
0
0
100000101101100100011100001001010100000001110100101110000011
110110010001110000100101010000000111010010111000001110010101
0
0
011100111110001101111101100110101110010010110110000110000101
111000110111110110011010111001001011011000011000010111010010
0
0
100100000110010110111100010110111100000110010011110110001110
011001011011110001011011110000011001001111011000111011110110
0
0
000101001111110110100000110010011010100010010000011101101001
111111011010000011001001101010001001000001110110100111100110
0
0
000000000011000010010101010011011010010111011010001111110000
001100001001010101001101101001011101101000111111000000101100
1
0
101010010001100100011110001101110111100011011000001111010010
001000110010001111000110111011110001101100000111101001011001
0
0
101010001000010100001000000000000100010111001001101011100010
100001010000100000000000010001011100100110101110001010111100
0
0
000110011010010101110001000000101000100010011110110110110010
101001010111000100000010100010001001111011011011001001100001
1
0
011111101010111100101111010100011010010001111110111111100101
110101011110010111101010001101001000111111011111110010101111
0
0
100000001100110000010010111000000001000011100111100100101010
110011000001001011100000000100001110011110010010101001100010
0
0
100101110111010011001010111101011001110111010100010011100011
011101001100101011110101100111011101010001001110001101101011
1
0
010111100101010011110111100111100110100100011110011001101000
110010101001111011110011110011010010001111001100110100010001
1
0
001110100100000100111100101000001001100010001011100110100010
010010000010011110010100000100110001000101110011010001011111
0
0
100100011001100001101110010011000101000010011110000000111011
100110000110111001001100010100001001111000000011101101000101
1
0
010010011100010001110110110111000010111111111110001011001110
001110001000111011011011100001011111111111000101100111010010
1
0
001010111001000011111100000010000011100001011101010010101100
011100100001111110000001000001110000101110101001010110011000
1
0
110011100011001011111101110001010011001010001010110100110110
110001100101111110111000101001100101000101011010011011010011
1
0
010110101111000101000111100010010100110000110000001010101101
010111100010100011110001001010011000011000000101010110101010
0
0
001000010000000001101000010111110110011101010100101110010101
000000000110100001011111011001110101010010111001010111110011
1
0
000110001000010100000101000011001101110111101000011011000010
000100001010000010100001100110111011110100001101100001001010
0
0
111101111110001100110110011110011101101101010010000111001001
111000110011011001111001110110110101001000011100100100101110
0
0
010001101101001110011010111011100000111000111111100110001000
110100111001101011101110000011100011111110011000100011100010
0
1
011110010111100100011110100001111010001011000000100001001110
111111111111111111111111111111111111111111111111111111111111
1
0
100101100011010001010011110100100011000100001000101000001001
110001101000101001111010010001100010000100010100000100111010
1
0
000111100000010000000101110011011110101101011111000101011100
110000001000000010111001101111010110101111100010101110011010
1
0
001110011010011101111000101010011110000111111101011110001110
001101001110111100010101001111000011111110101111000111010001
1
0
101000001001111000101010101111111110111110100010101011111010
000100111100010101010111111111011111010001010101111101010011
0
0
010111101001011011001001010100011101100001111111110110001010
100101101100100101010001110110000111111111011000101010110001
1
0
101011001101100101111110110110101110010110001101001110001111
100110110010111111011011010111001011000110100111000111100010
0
0
000101001110111100000000011000010111111100000000000110101100
111011110000000001100001011111110000000000011010110001000010
1
0
100011101011001000000110010111001100000000110110010011100011
110101100100000011001011100110000000011011001001110001101010
0
0
010111111111010001100010101000001110111011110101001001010101
111101000110001010100000111011101111010100100101010110001001
1
0
001100100011010010000110111010111000011010011000011000001011
010001101001000011011101011100001101001100001100000101101100
0
0
001000101100101100111001010101010101110100100100001110111001
110010110011100101010101010111010010010000111011100101010001
1
0
011011110000001010011101010001000110111111010111001000001001
111000000101001110101000100011011111101011100100000100110010
0
0
010011000100011000000011011100000111011000110111100010010110
010001100000001101110000011101100011011110001001011000100101
1
1
011111010000010011101110011111101011100111011111011010001010
111111111111111111111111111111111111111111111111111111111111
1
1
001100101000011011110101111011111000011010000010011010111100
111111111111111111111111111111111111111111111111111111111111
0
0
101101011010000001010010011100111100000001011000011110011001
101000000101001001110011110000000101100001111001100110101100
0
0
111111101101010111100011110101101111001000010001010011111111
110101011110001111010110111100100001000101001111111100111101
0
0
101100001010011011100001001111011100011011001100111010011001
101001101110000100111101110001101100110011101001100111101101
1
0
101110101011010111110110100010000010011111001110111111000001
010101101011111011010001000001001111100111011111100000111000
0
0
000111000000100011000000010001000001001100100011110001010001
000010001100000001000100000100110010001111000101000100100111
1
0
111001101100001011100101100000001111100000011000010010110100
110110000101110010110000000111110000001100001001011010010011
0
0
101110111011011100011011101001010010101110011010000010111101
101101110001101110100101001010111001101000001011110100011011
1
1
000010000110001111001000100111100100101100100101000100010111
111111111111111111111111111111111111111111111111111111111111
1
0
100100000001100001000011011101111111110010111100111111001011
000000110000100001101110111111111001011110011111100101110000
1
0
110100010110010100000101000101000100101100110111111111100001
001011001010000010100010100010010110011011111111110000100101
1
0
000101000001101011011000000111010010101001000011111010001100
100000110101101100000011101001010100100001111101000110001001
1
0
000100100011111100100001110111110001011001001100001100010010
010001111110010000111011111000101100100110000110001001010010
0
0
000010101111111111000010101000000010100100111001110100101000
111111111100001010100000001010010011100111010010100001101110
1
0
100000110011010010101011001111010011100010111110001100011010
011001101001010101100111101001110001011111000110001101001110
1
0
110000110011011001011011100010111011010111001100100100100101
011001101100101101110001011101101011100110010010010010100010
0
0
100111001100001111111011011000010010011100100011011100111101
110000111111101101100001001001110010001101110011110101101110
1
0
001000001010110011101101011000011011111101101100101100110111
000101011001110110101100001101111110110110010110011011110111
0
0
001101100111111111010000101100000010110111100110111100001111
011111111101000010110000001011011110011011110000111111010010
0
0
111000011110111000000101010001010101001110101101111000100111
111011100000010101000101010100111010110111100010011100111110
1
0
111011001100100000101110011110111100111010110001111110000110
100110010000010111001111011110011101011000111111000011000000
0
0
111001110001101111111111111010000100111000001100000011100111
000110111111111111101000010011100000110000001110011111101000
0
0
101010111101101001011100011011111010101010000010010011110011
110110100101110001101111101010101000001001001111001111100100
0
0
001011111000010001000010011110110100010111100001001010001011
100001000100001001111011010001011110000100101000101101010110
0
0
011101110110110000011011000101000111100001100110010110000111
011011000001101100010100011110000110011001011000011111110000
0
0
111110100111100010110101101111101111000110111111111100000110
011110001011010110111110111100011011111111110000011000000001
0
0
111000010110101001001101001100011110111110011001111100101100
011010100100110100110001111011111001100111110010110000001000
0
0
000010000001010010011100000111010000011101111010001011100011
000101001001110000011101000001110111101000101110001111100010
0
0
010100101100111111011101001111010010110011001111101011100001
110011111101110100111101001011001100111110101110000111010010
0
0
101001000010101001111010001101101001100111100111100001000110
001010100111101000110110100110011110011110000100011010101001
0
0
100101111001010011101111011100001000001011001001101100110111
100101001110111101110000100000101100100110110011011111101111
0
0
100011101001010101100000100111000010010110000111100100101100
100101010110000010011100001001011000011110010010110011111010
1
0
100110110100001010110000001011100001011100010010010110111101
011010000101011000000101110000101110001001001011011110110011
0
0
100010111010010111011000011101101011110010111110101101101111
101001011101100001110110101111001011111010110110111110010001
0
0
010000101011010011111101010101000111101100001100100110100111
101101001111110101010100011110110000110010011010011101010111
1
0
011101010101000100100010010010110110100100001001010110010011
101010100010010001001001011011010010000100101011001001101101
1
0
010110011010000000110110001011111101111010100110101101001011
001101000000011011000101111110111101010011010110100101101000
0
1
101110110001100100110111000010011111111100000001100010010111
111111111111111111111111111111111111111111111111111111111111
0
0
000010110110011011110001000000010100000000110001110111101110
011001101111000100000001010000000011000111011110111001100111
0
0
110000001010011010001101110111111011001101001000001110010011
101001101000110111011111101100110100100000111001001100011110
0
0
011100101111001111100100110111011101110000001001001101100100
111100111110010011011101110111000000100100110110010000101110
1
0
100001110110110011000000110001010101101101110101110000010001
111011011001100000011000101010110110111010111000001000100111
1
1
001110011101111011110001011010011101010101001100011111111111
111111111111111111111111111111111111111111111111111111111111
1
0
011110111001100111011001100000000000000110010110001111110110
011100110011101100110000000000000011001011000111111011010101
1
0
101100101110000010011010100111110010100110110111111100111001
010111000001001101010011111001010011011011111110011100110101
1
1
001001000000000000000100011011100000010101101010100010000010
111111111111111111111111111111111111111111111111111111111111
0
0
101101110001101111010100011000100110010000001111001101111111
000110111101010001100010011001000000111100110111111101111010
0
0
011100100000110110110100011111100011010011011001111011011010
000011011011010001111110001101001101100111101101101001101011
1
0
000011011100001101000110111011011010101010110100110011100111
101110000110100011011101101101010101011010011001110011101000
0
0
010010011000011011010000100001001000101111011000011100110100
100001101101000010000100100010111101100001110011010000001001
1
0
110101010100101110100011100011111111101100100100001110011101
101010010111010001110001111111110110010010000111001110100001
0
0
101101100110000101011011101000010000010010000101011000000101
011000010101101110100001000001001000010101100000010111100101
1
0
101010000011111011001011000111111111101100011100011001011000
000001111101100101100011111111110110001110001100101100010001
0
0
010111010000100011110100100100101100000010001010001001100000
000010001111010010010010110000001000101000100110000000100011
0
0
100111100111010001011110110101101010101011000100001111001100
011101000101111011010110101010101100010000111100110000001011
0
0
000010010100101010110111001101010011100101011001011111111101
010010101011011100110101001110010101100101111111110101110101
1
0
110111011110100011100000110000011101100100110010000011100010
101111010001110000011000001110110010011001000001110001010111
0
1
110011110101011010011000101101101000101100011111001001101001
111111111111111111111111111111111111111111111111111111111111
1
0
000100110110101000100110100100011110010111100011000101100001
011011010100010011010010001111001011110001100010110000100000
1
0
111000001110010011110010000101101011011011110100010101110110
000111001001111001000010110101101101111010001010111011000100
1
0
101010010111111011001011100010011001001110001111000100101011
001011111101100101110001001100100111000111100010010101111001
1
0
111010110011101011111100011011110010011100011001010010000000
011001110101111110001101111001001110001100101001000000001110
1
0
011000111100111100011100001100110001000111111010100100101011
011110011110001110000110011000100011111101010010010101110000
1
0
000101011001100000110010010000011011000000111001110111001000
101100110000011001001000001101100000011100111011100100001101
1
0
110110001101101101110110111001001001001111101001001110101001
000110110110111011011100100100100111110100100111010100110111
1
0
010111101000011110101100010101101101100011010010111011111010
110100001111010110001010110110110001101001011101111101011100
1
0
101000111011011110111010000100111001101101100010101011100001
011101101111011101000010011100110110110001010101110000100101
0
0
010000011000001111110110111001000001100101101101100001101001
100000111111011011100100000110010110110110000110100111001111
1
0
101011110011111100110101000101101001111110101111100010101001
111001111110011010100010110100111111010111110001010100101101
0
0
001000011101101001110101010111011100100100000011011101000011
110110100111010101011101110010010000001101110100001111001011
1
0
010011010011010101101011000110000011010010000011010100100110
101001101010110101100011000001101001000001101010010011001100
1
0
011011110011000101001000101111100011111100010101000001101100
111001100010100100010111110001111110001010100000110110001110
1
0
111111100001110110000110011111001111101000000111011000111010
110000111011000011001111100111110100000011101100011101011111
1
0
001100010001010100110010100100001010000101101100001001000000
001000101010011001010010000101000010110110000100100000000011
1
0
000000010010101001000000101011011001011001110111111110001100
001001010100100000010101101100101100111011111111000110011001
1
0
010001000001100011011000000011110111100111110111110110011011
100000110001101100000001111011110011111011111011001101101101
0
0
001011110011111111001101110011101011110100111110011010010111
001111111100110111001110101111010011111001101001011110011100
0
0
100010110000110000101110001100000000101101000011100110100100
000011000010111000110000000010110100001110011010010010010010
1
0
100001010100001111000101001100010111111010110100011101000011
101010000111100010100110001011111101011010001110100001100000
1
0
100100111011010011011101101001010100110101110011110000100011
011101101001101110110100101010011010111001111000010001110010
0
0
100000111011010100011010111110100011101010111010011001010000
101101010001101011111010001110101011101001100101000010101101
1
0
010110000100000111000110011010011001010100000010000100010111
000010000011100011001101001100101010000001000010001011101111
1
0
110011010000101110011101110011000101011000010010111100100100
101000010111001110111001100010101100001001011110010010001100
1
0
000000100010010101011000001011100011111000111100100100111110
010001001010101100000101110001111100011110010010011111001101
0
0
001001000001101100110001100110101110010010000010110101110000
000110110011000110011010111001001000001011010111000010000011
0
0
110111111101110011110111001100011011100001111100001101100001
110111001111011100110001101110000111110000110110000110010111
1
1
001101000101010101111001110000000010011000111011010011100000
111111111111111111111111111111111111111111111111111111111111
0
0
110000101110111111010110111010010010100100110000111000001110
111011111101011011101001001010010011000011100000111010000111
0
0
101010110110011111001110110010000100010000001001111100100010
011001111100111011001000010001000000100111110010001011111101
0
0
100011100111101011010001101110011011111110001001010010001100
011110101101000110111001101111111000100101001000110011100100
1
0
101010010011101101010010111110111101110001011110000111010001
001001110110101001011111011110111000101111000011101000100001
0
0
111011110010101111101110011110011011001011000010110101100101
001010111110111001111001101100101100001011010110010111100000
0
0
101111101101110111101101011000001010100111001111111000001110
110111011110110101100000101010011100111111100000111000111010
0
0
101011011000000111110011001100010110100111101111011000110110
100000011111001100110001011010011110111101100011011001000010
1
0
011110110100100110100110001101001111101111101011100000010100
011010010011010011000110100111110111110101110000001010010100
0
0
101010110001011011101010101100011100110100100010100001001010
000101101110101010110001110011010010001010000100101010100100
1
0
000111111010000101110111101000000000101000100100101000100100
111101000010111011110100000000010100010010010100010010000101
1
0
011101100010010000110101110001001111111011000110100010100111
110001001000011010111000100111111101100011010001010011110100
1
0
100100000110000001101111110111011000011110101010001111101111
000011000000110111111011101100001111010101000111110111101011
1
0
010101100110111011110100100010001100011111001010011000111000
110011011101111010010001000110001111100101001100011100001100
1
0
100101101101001101101010111011000100110001000101010011110010
110110100110110101011101100010011000100010101001111001000110
0
1
101000101001011010111100001111110111101000001101010000101011
111111111111111111111111111111111111111111111111111111111111
1
0
110111100111110010110110101000011010101100001011010011110001
110011111001011011010100001101010110000101101001111000110000
0
0
001011001010111110100011111111011110011001000010010000101110
101011111010001111111101111001100100001001000010111011010101
0
0
100110000001010111011111111110000000000010011001101010001001
000101011101111111111000000000001001100110101000100111011101
1
0
000101111100111011011101011011010110111101110010010110110110
111110011101101110101101101011011110111001001011011011001100
1
0
111001010001000111001010000001010101001101001000100010111100
101000100011100101000000101010100110100100010001011110000011
0
0
000111100000101000100100001000001011110011001110110111100001
000010100010010000100000101111001100111011011110000100110101
0
0
101101111011010001001111010101100111111110100110101101111101
101101000100111101010110011111111010011010110111110100101001
1
0
001001111010100000101011101111000001101000000011110001000100
111101010000010101110111100000110100000001111000100010000011
1
0
100101000011001101000011100110110111110001111011011101011100
100001100110100001110011011011111000111101101110101110001101
0
1
000100011011111010011100011011001011010010110101111011001100
111111111111111111111111111111111111111111111111111111111111
0
0
111100010110000001111001000010100011111101010011101001100000
011000000111100100001010001111110101001110100110000000100000
1
0
110111011101001100001011001011111110001111001001010101110011
101110100110000101100101111111000111100100101010111001101000
0
1
000000101000010011000110110000010001101001100001001101110111
111111111111111111111111111111111111111111111111111111111111
1
0
100011001010010100110111111110001000100011011111010011000101
100101001010011011111111000100010001101111101001100010101011
1
0
101011010111010001101101100100010011100111010100111010110110
101011101000110110110010001001110011101010011101011011011011
1
0
011111000101100110111111100011000101101101111101100001010010
100010110011011111110001100010110110111110110000101001010100
0
0
111011001100011100010000000011101011101010001100001100001010
110001110001000000001110101110101000110000110000101011110100
1
0
100100101000001010010101110001111100110011010011010101011000
010100000101001010111000111110011001101001101010101100010100
1
0
000000110010011001001111011010110001111110010111001011111110
011001001100100111101101011000111111001011100101111111001011
1
0
101011000000100101001101101000000110111010001101011110000111
100000010010100110110100000011011101000110101111000011111111
